0  0  0
0  0  0
-77.7878  -54.3633  117.063
-71.4526  -53.0769  106.658
-74.224  -50.3688  113.432
-74.7275  -51.1016  114.012
-75.6323  -52.4781  115.169
-72.9257  -52.3812  114.91
-71.4727  -52.374  114.331
-70.839  -52.3656  114.076
-70.395  -52.3332  113.567
-71.154  -52.9789  115.008
-70.3525  -47.0089  116.438
-70.3099  -49.8604  115.047
-71.1976  -52.645  115.529
-72.0426  -52.4713  115.251
-71.8857  -51.0683  113.619
-71.5431  -50.7774  112.673
-71.9717  -50.942  113.189
-72.0017  -51.1746  113.696
-72.0494  -49.2323  114.526
-72.3339  -48.4463  114.364
-71.7453  -49.3643  113.665
-72.3189  -49.8722  114.363
-71.4376  -50.1687  115.049
-73.3734  -47.6869  120.013
-70.335  -48.4581  113.656
-71.2359  -50.4183  114.538
-71.0544  -49.8826  114.424
-71.7455  -49.5497  114.8
-73.152  -50.5048  115.701
-72.92  -49.6154  115.614
-73.355  -51.3097  116.275
-74.0812  -51.5441  116.583
-74.6326  -51.847  115.561
-73.8062  -50.9578  114.826
-73.3652  -51.1418  114.468
-73.5692  -50.7497  114.646
-72.9618  -51.4084  114.856
-73.3253  -52.0742  114.975
0  0  0
-0.623624  -1.24535  -0.0533433
0.0622497  -0.559839  -0.605919
-0.280559  -0.89657  -0.230286
-0.101392  -0.725618  -0.0587268
-0.456069  -0.318332  -0.38944
-1.63721  -0.493668  -0.139015
-1.3436  -1.17013  -0.449738
-1.29819  -1.57896  -0.251401
-1.69896  -3.76344  -0.446949
-1.84198  -1.37079  -0.552125
-1.99545  -1.50893  -0.31215
-2.07427  -0.641848  -0.0915722
-1.4994  -2.04057  -0.425011
-1.15796  -1.98715  -0.38285
-0.262145  -1.15268  -0.630977
2.94959  -2.81747  -5.6027
14.9902  138.104  44.7667
-32.099  -17.8539  59.3938
-37.0016  -40.4856  60.1387
10.4758  -9.49552  -21.1783
0.785932  -0.491173  0.197685
-2.81019  1.96407  2.07495
1.89629  0.0992494  -2.29315
1.69606  0.26923  -1.63452
-23.5023  -30.7322  15.5614
-20.4001  -34.7781  8.66664
-20.6209  -36.1382  8.81968
-20.3423  -36.5727  8.19065
33.9084  13.2052  -12.9258
34.7994  13.823  -14.4789
34.1714  14.2807  -13.187
33.4772  14.788  -11.7556
34.2189  14.0455  -13.3293
-30.4475  -13.4673  9.7077
-25.2987  -20.0273  -1.43388
-29.1246  -14.1684  7.04002
-28.8133  -14.176  6.44841
-13.8343  33.81  -9.87304
-28.3289  -5.25501  7.5312
-30.8358  -12.8088  10.5929
-31.1402  -12.6555  11.2072
-51.1378  -50.3204  14.5836
-51.9135  -61.3215  13.7132
-52.1044  -47.6878  17.0105
-51.2569  -48.8385  15.1372
-51.2503  -48.7512  15.1441
-51.1357  -48.7394  14.9282
-52.2405  -47.6035  17.2893
-50.8721  -47.796  14.6354
-89.928  -77.3833  22.5981
34.4935  64.9699  19.9837
40.8219  70.4002  27.0175
40.9854  72.5094  27.2224
36.7526  79.5015  37.1468
50.037  52.493  22.719
-12.6026  -28.672  -13.6007
1.59935  20.8149  2.22581
-10.6152  -53.0867  -8.7685
0.135139  -4.33218  -12.7387
-0.149514  -1.13842  -11.6556
-1.11999  -3.40945  -10.2683
-7.34821  52.6622  0.336676
-6.47618  54.1524  -0.937926
-2.74455  30.659  12.9491
-0.23757  28.3472  7.73716
-14.424  -8.43596  19.1602
-14.7263  -8.31709  19.7552
-13.7587  -49.4501  11.7411
-13.4312  -45.8441  11.8497
-12.348  -70.1661  -14.8868
-13.0808  -35.0251  -1.7196
-4.98289  -21.5063  -14.6041
-5.77005  -24.0393  -13.5768
-5.85638  -23.2586  -13.2854
-6.08922  -23.8789  -12.9587
-6.36549  -22.7506  -12.2558
-6.486  -22.3942  -11.9717
-6.11685  -21.1377  -12.4418
-6.40135  -19.1587  -11.5726
-5.94924  -19.463  -12.464
11.5873  -2.32159  15.2537
11.664  -2.02428  15.1624
-12.8866  -97.4572  35.9443
-38.4498  -75.5452  -16.8181
-57.5657  -129.385  15.8355
-59.1913  -166.08  18.393
-59.9085  -166.085  19.7836
-65.1455  -177.23  16.8621
-30.1315  -373.623  -46.0152
35.1239  -157.752  -33.2078
19.0374  -42.2099  -25.3023
2.29777  -37.3283  -41.9412
31.548  -64.6828  9.80956
-19.113  -2.65498  -63.956
-18.726  -2.68245  -65.1744
-18.9368  -2.95585  -64.2377
-18.9627  -3.06447  -64.0513
-18.9888  -3.02389  -64.0059
-6.59944  -64.6757  -26.9141
-6.46852  -65.2648  -26.7761
-6.57397  -64.4473  -27.2128
-33.0336  -99.6449  29.994
-33.9605  -56.3873  -3.5962
-34.4249  -53.5225  -5.04616
-33.3835  -57.3825  -4.5832
-46.2178  -19.8876  -53.651
-49.5458  -4.60338  -71.3924
-45.3325  -14.3004  -76.6426
-47.15  -22.9146  -63.9134
-46.8191  -21.2647  -66.3359
-46.8129  -23.0669  -64.8449
-46.5593  -21.1171  -67.2714
-46.2734  -21.9105  -67.5026
-33.6574  -45.6271  -36.2183
-1.98666  -95.9581  36.1513
-10.2541  -31.2291  -20.5958
-20.3544  -61.8259  -9.29918
-10.9395  -57.574  -9.2447
-8.47432  -58.4993  -16.432
-16.2117  -40.0246  -8.12026
-12.4422  -50.2567  -11.1586
-10.1148  -54.9321  -14.4297
-31.4558  67.8537  -55.1788
-9.10899  47.9534  -51.8289
-6.06301  16.1595  26.0444
-18.7034  36.5556  74.2368
-17.73  45.2396  22.7795
19.7269  6.88006  61.2279
15.3872  14.1971  50.7701
12.0736  -4.97052  69.2322
9.77796  -27.8818  43.7061
9.08698  -8.25561  25.4666
0.3075  5.93451  5.90092
0.22612  8.03149  7.08759
-0.164212  6.62589  6.38958
2.38138  6.55275  4.65564
0  0  0
1.42014  0.672256  -0.742204
4.39028  11.0977  -0.586577
8.27763  31.4518  -0.625225
19.1204  67.8352  0.383954
31.4746  107.019  -0.80423
32.2898  107.878  -0.291531
30.781  106.778  -0.110704
31.7134  107.286  -0.469766
31.7291  107.381  -0.439039
32.4806  107.534  -0.411446
32.9041  107.811  -0.685047
33.0219  107.769  -0.670261
33.1758  108.174  -0.608384
33.1064  108.054  -0.549316
33.2258  108.261  -0.560875
33.3849  107.979  -0.959044
33.311  108.039  -0.774147
33.5122  108.211  -0.869923
32.7696  108.2  -0.348815
33.6194  108.235  -0.593308
33.7089  107.798  -0.79037
34.175  108.336  -0.918696
33.9472  108.131  -0.793835
31.9426  107.508  0.195254
31.8334  107.462  0.235449
31.9802  107.25  -0.0888112
32.0893  107.196  -0.115663
32.1058  107.032  -0.233476
32.2992  107.495  -0.314801
31.5688  107.209  0.0520551
31.8877  107.358  -0.10244
32.4639  107.383  -0.630314
32.7227  107.588  -0.357555
32.3427  107.461  -0.356539
32.3188  107.432  -0.328638
31.2802  107.435  -0.135439
31.7489  107.483  -0.525572
32.1046  107.969  -0.35125
32.7378  108.088  -0.445471
32.8079  108.119  0.158179
32.4334  107.998  0.151805
32.6861  107.811  0.219099
31.9256  107.457  0.536038
31.8321  107.16  0.442117
32.849  107.556  -0.117527
33.3646  107.914  -0.161317
32.5799  107.677  0.17614
32.0881  107.402  0.0910201
32.1169  107.509  0.00652506
32.0115  107.652  0.308278
32.4139  107.717  -0.0633963
33.0963  107.909  -0.237154
33.0896  108.45  0.114521
32.3025  107.624  0.479798
32.5445  107.539  0.585569
32.6054  107.569  0.531329
32.4916  107.429  0.709793
33.2821  107.43  0.338727
33.7471  107.848  0.634758
32.9338  107.542  1.38946
33.0457  107.602  1.02074
33.3081  107.527  0.594497
33.5746  107.949  0.363203
33.314  108.011  0.363522
33.2261  107.936  0.48565
33.3774  107.948  0.476523
33.748  108.052  0.29308
33.597  108.021  0.379463
33.3427  107.857  0.296293
33.3297  108.083  0.568851
33.4054  108.234  0.26334
34.271  108.471  0.0616124
33.3831  108.135  0.128694
33.4367  108.207  0.0696792
32.8848  108.094  0.266013
32.516  107.687  0.819126
32.55  107.515  0.73369
32.2662  107.368  0.312514
32.4177  107.572  0.0179435
32.2963  107.872  0.0488642
32.2463  107.721  0.0492513
32.5635  108.082  -0.0916787
32.7646  108.252  -0.0962207
32.4866  108.196  -0.151324
32.4006  108.175  0.191333
32.8175  108.396  -0.107238
32.9637  108.382  -0.216096
32.5249  108.244  -0.696649
31.8864  107.809  -0.483519
31.7331  108.001  -0.314716
31.5256  107.914  -0.0608089
31.3642  107.683  -0.466054
31.824  107.915  -0.552765
32.2312  108.064  -0.927877
32.1746  108.043  -0.829955
31.4685  107.934  -0.166065
31.6391  107.935  -0.778893
32.1427  108.135  -0.391218
32.5084  108.053  -0.38998
32.1563  107.834  -0.308305
32.0925  107.875  -0.279824
32.1021  107.664  -0.332304
32.1475  107.59  -0.470466
32.8875  107.883  -0.599948
34.0346  108.403  -0.815226
0  0  0
-1.17857  -0.322045  0.122114
-2.78615  -0.903746  0.48225
-2.68483  -0.792472  1.06295
-2.81045  -1.07643  0.892578
-2.76719  -1.06967  0.777793
-2.91574  -1.43469  0.48718
-2.42689  -0.859219  0.666604
-2.14785  -1.08133  0.703886
-1.50227  -0.678778  0.561895
-0.940986  -0.459593  0.347886
-1.22001  -0.350096  0.483048
-1.22939  -0.438352  0.924111
-1.33568  -0.436885  1.13521
-1.28506  -0.579003  1.02185
-1.12097  -0.487708  0.877852
-0.89864  -0.368229  0.954153
-1.08009  -0.367967  0.991904
-1.32038  -0.351191  1.15673
-1.14083  -0.403777  1.44719
-1.07309  -0.493163  1.48076
-0.804921  -0.519046  1.53442
-0.961557  -0.458759  1.37547
-0.922333  -0.536346  1.24736
-2.31012  0.0224201  1.01964
-2.39429  0.011682  1.17917
-3.5921  1.19023  0.378411
-4.6907  1.97471  -0.373805
-4.17387  1.29882  -0.0507649
-4.80223  1.89442  -1.29111
-4.34914  0.735195  -0.506379
-3.27918  1.17355  -2.26513
-2.58081  0.677586  -1.47111
-2.3849  1.9086  -3.52206
-2.20574  1.42847  -2.49885
-3.21453  0.424722  -0.866287
-4.33196  -0.508891  0.989201
-4.96252  -1.65241  2.83345
-4.56163  -2.43812  4.54527
-4.04457  1.33092  -5.80692
-3.25382  0.587486  -3.63869
-2.94348  1.64948  -7.28817
-1.15767  1.85727  -7.88232
-1.5814  1.27644  -6.15902
-0.99141  1.22867  -5.4203
-1.66127  0.479233  -3.49991
-1.86133  0.74479  -3.83846
-3.50576  -0.0047437  -1.79963
-4.43227  -0.548239  -0.794174
-4.58799  -1.49031  0.128749
-4.98313  -1.7339  1.03158
-5.17073  -1.71188  1.49665
-5.34368  -1.96526  1.87417
-5.34561  -1.95289  1.88582
-5.4348  -1.84853  1.60576
-6.20236  -2.0795  0.78409
-5.6239  -1.56194  -0.0691017
-3.98913  -0.503644  -1.58923
-4.61546  0.163001  -3.17513
-5.01486  0.830233  -5.15652
-4.93967  1.8639  -6.70057
-5.07787  3.00809  -8.54473
-5.11831  3.01335  -8.46408
-5.87377  4.03569  -10.1739
-5.3204  5.23234  -12.0295
-5.43909  6.53005  -13.1867
-6.55148  6.8203  -14.7269
-6.66845  7.55833  -16.5074
-6.18419  8.30816  -18.8181
-6.1878  8.25429  -18.8459
-7.55725  7.63258  -20.921
-7.75576  8.19695  -22.4474
-5.85613  8.5335  -25.4841
-3.95096  -0.0733992  -2.2203
-3.89329  -1.73238  1.5202
-2.4939  -1.35604  0.0126327
-2.16311  -1.11908  -0.286803
-1.62424  -0.875759  -1.53687
-1.58202  -0.842026  -1.56506
-1.97386  -0.789401  -3.66702
-2.41529  -0.676857  -4.93727
-2.70765  -0.37019  -8.14892
-3.15443  -0.280029  -7.37937
-3.86309  0.0148443  -10.1113
-4.35462  -0.157714  -9.73224
-4.29773  -0.283909  -9.92348
-4.19845  -0.358434  -11.036
-3.78937  -0.645745  -8.20776
-3.35371  -0.801612  -5.06001
-3.31296  -0.781302  -5.1257
-4.129  -1.18125  -1.74915
-3.68559  -1.03007  1.61027
-3.93154  -1.37308  4.58412
-3.9526  -1.38775  4.61541
-4.30864  -1.54242  7.92019
-4.92128  -1.70135  10.9254
-4.65527  -1.71111  12.8297
-4.9103  -1.9451  14.9314
-4.87101  -1.94056  14.8585
-5.38256  -2.15087  16.8398
-5.14872  -2.24603  17.8378
-5.82212  -3.13519  18.0904
-6.2114  -3.59658  18.4917
-6.26207  -3.6813  18.5353
-6.63533  -3.81039  18.9528
-6.29045  -4.00191  19.1907
-6.38151  -4.05204  19.3344
-6.74058  -3.94977  19.3898
-7.87496  -4.14617  18.9439
-8.46601  -4.06307  18.2094
-8.4474  -4.26063  16.898
-8.42994  -4.24354  16.8752
-8.50017  -4.66124  14.9657
-8.62323  -4.70454  13.3119
-8.85102  -4.74001  11.4302
-8.81277  -4.7206  11.3688
-8.53744  -4.64474  9.40611
-7.93075  -4.33682  7.13272
-8.1812  -3.84225  5.11104
-7.82037  -3.25606  3.2107
-7.81547  -2.68877  1.0068
-7.07193  -1.73109  -0.497852
-6.83958  -1.82998  -1.00964
-6.87521  -1.39457  -2.86243
-7.16669  -0.930969  -4.82662
-8.23185  -0.857857  -6.59211
-9.61942  -1.16182  -8.5919
-9.16794  -1.1453  -10.7368
-7.79541  -0.170199  -12.067
-5.85083  -0.0680413  -14.2631
-6.47066  -0.249006  -14.8696
-3.47871  -0.871324  -2.12935
-1.82283  0.219131  -1.50146
-1.60117  0.90475  -2.56643
-1.21105  1.75831  -3.14533
-1.41409  1.12014  -2.55264
-0.639355  1.62824  -4.27912
-0.633786  2.96047  -6.68492
-2.10927  1.42603  -3.82462
-2.18858  2.74592  -6.62514
-3.2055  2.96233  -8.31579
-5.70278  2.17771  -7.83204
-6.22674  1.27886  -5.92651
-5.62649  1.67739  -7.23421
-5.07685  1.09638  -4.69166
-5.00369  1.03408  -4.87236
-3.98627  0.319339  -2.80777
-3.41157  -1.80726  1.03582
-3.44872  -1.86382  1.07039
-3.05716  -2.92803  2.75569
-2.90465  -3.9614  4.40016
-3.25363  -4.88448  6.10336
-3.07599  -5.69526  7.05044
-3.12948  -5.72708  7.13237
-2.89543  -6.35502  8.04187
-4.43583  -7.4411  8.7578
-5.00391  -8.22619  9.2289
-2.57272  -8.13051  8.81958
-1.86478  -8.40496  8.41016
-1.8529  -8.3213  8.4416
-2.09203  -8.5707  8.32291
-2.52214  -8.41776  7.9847
-2.85875  -8.43362  7.28298
-3.07104  -8.86906  5.56449
-1.21764  -8.3405  3.89415
-1.10896  -8.25563  1.94285
-1.13693  -8.21886  2.02033
-1.56754  -8.14873  0.284179
-1.16342  -7.95078  -1.73703
-0.915488  -7.34091  -3.71605
-1.47143  -6.97756  -5.70078
-1.39567  -7.11681  -5.93636
-0.996093  -6.32477  -7.62198
0.139226  -5.58684  -9.87497
-1.08613  -4.94627  -11.0908
-0.450733  -4.19384  -12.7511
-1.14928  -3.5028  -13.8179
-1.11372  -3.5169  -13.8953
-1.44897  -3.11069  -15.0581
-1.94245  -2.88735  -16.1774
-2.00309  -2.96981  -16.1146
-2.06794  -2.62232  -17.2803
-1.87799  -2.07772  -18.1463
-1.55517  -1.76921  -18.949
0.365772  -1.86178  -20.3874
0.816103  -1.74115  -21.2316
0.137448  -0.198903  -0.708698
0.564681  -0.0450729  -1.21665
-0.27349  -0.0784901  -1.07296
-0.314973  -0.0232053  -0.954574
-0.788212  0.0158528  -1.58911
-1.11527  0.28592  -2.49198
-0.910752  0.291542  -2.24878
-1.08213  0.799388  -3.70589
-1.10459  0.680687  -3.49729
-1.06905  1.03713  -4.97303
-0.922741  0.90233  -4.30666
-1.46747  1.11067  -5.6329
-1.6863  1.36023  -7.07035
-2.09551  1.58966  -7.73022
-2.41755  0.646951  -6.96662
-2.3471  0.675828  -7.08445
-5.10494  -0.443213  -4.67506
-3.92594  -0.641265  -2.97894
-2.60678  -0.517559  -1.18759
-2.67094  -0.973749  1.11764
-2.67776  -0.919377  1.16681
-2.31982  -0.94943  2.91545
-3.16897  -1.66923  4.9686
-3.20099  -2.05073  6.74095
-2.21818  -2.2016  8.49803
-2.28622  -2.05751  8.72549
-1.33171  -2.41476  9.73072
-0.339673  -2.46817  10.7377
-1.29533  -2.84805  11.86
-1.27401  -2.86233  11.8092
-1.5285  -3.08138  12.8138
-1.13659  -3.07226  14.0314
-1.45467  -3.51876  14.8458
-1.39097  -3.33254  14.845
-1.1204  -3.43618  15.4074
-0.711416  -3.43641  15.798
-0.747206  -3.37784  16.5853
-0.605949  -3.36986  16.7475
-0.741922  -3.4483  17.6812
-1.54826  -3.44725  18.3405
-1.57791  -3.19486  18.5649
-2.57723  -3.46134  18.6813
-2.44  -3.43156  18.5515
-2.65535  -3.22214  18.2238
-3.15282  -3.02438  17.8506
-3.17193  -2.95183  17.9357
-3.54391  -2.98594  17.0104
-4.00376  -2.87984  16.5875
-4.64176  -2.86692  15.7413
-3.77513  -2.72283  14.1672
-3.80063  -2.64066  14.271
-2.73697  -2.19881  12.7365
-3.13287  -1.73078  11.6565
-3.09461  -1.83293  11.5146
-3.81586  -1.37854  10.0229
-3.78968  -0.630256  8.73031
-3.31054  -0.0796128  7.25588
-3.5571  0.270753  5.64421
-3.57105  0.277403  5.67572
-3.72529  1.13621  4.03937
-3.74125  2.00586  1.98646
-3.34166  3.24229  0.255498
-3.35276  3.11279  0.191502
-3.49795  4.02881  -1.34066
-2.89942  4.96924  -3.25157
-2.52465  6.14169  -4.45679
-2.43047  6.23575  -4.5777
-1.93848  7.36417  -5.91834
-2.93805  7.30863  -7.57782
-2.86238  7.40501  -7.66117
-2.69933  8.03507  -9.38656
-1.50701  9.24539  -10.5811
-0.520409  10.4438  -11.3747
0.189452  10.933  -12.106
0.275935  10.8724  -12.3142
0.261497  11.2437  -12.4563
0.205157  11.8066  -12.0675
0.564165  11.4769  -12.7112
0.822567  11.9785  -12.7867
0.848197  12.1717  -12.525
-0.835524  0.265612  -1.0618
-1.28661  0.418213  -1.31302
-1.77245  0.87977  -2.41652
-1.46454  0.308735  -2.81376
-1.56282  1.42601  -3.70854
-1.26879  1.71222  -3.07288
-1.40291  1.93613  -4.42466
-1.98676  2.35375  -4.97008
-2.14656  2.95156  -6.13091
-2.89616  2.08572  -4.63913
-2.89525  2.17702  -5.74018
-2.9579  2.52435  -6.85857
-2.8425  1.79161  -5.22759
-2.40878  0.929579  -3.70533
-3.28134  -0.0222288  -1.50473
-3.22151  -0.191875  -1.73165
-3.49957  -0.830929  0.449587
-3.45548  -1.51733  2.64076
-3.41107  -1.37046  2.65015
-2.65404  -2.09566  4.73606
-2.78464  -3.07682  6.88464
-2.50515  -3.66257  8.92187
-2.45918  -4.19202  11.1698
-2.14368  -4.78006  12.5368
-2.15109  -4.75308  12.5688
-3.46754  -5.81499  14.1741
-2.62294  -6.30485  15.4364
-2.26631  -6.52145  17.1137
-2.48096  -6.88147  18.6607
-2.42121  -6.7755  18.6136
-3.15843  -7.15168  19.9045
-3.46077  -8.03025  20.2708
-3.476  -8.5248  20.7917
-3.49698  -8.47914  20.8623
-4.3442  -8.94152  21.439
-5.17121  -9.44572  22.07
-5.34127  -9.44666  22.4873
-5.32742  -9.87927  22.3934
-6.05522  -10.0339  22.495
-6.78086  -10.4271  22.0805
-6.7738  -10.5009  22.0187
-7.72219  -10.4114  21.9092
-8.57825  -10.6127  21.3544
-8.66391  -10.8888  20.279
-8.33379  -11.0269  19.2347
-8.03753  -11.3514  17.6953
-8.06278  -11.2839  17.7884
-7.82971  -11.3999  16.4212
-6.45047  -10.9209  14.6533
-6.55539  -10.6756  13.4182
-6.54159  -9.39363  10.3669
-5.47722  -8.01187  6.77449
-5.46119  -7.72015  6.93342
-5.51369  -6.92782  4.9766
-5.0745  -6.20864  2.77244
-4.95383  -5.19057  1.29321
-6.07815  -4.47369  -0.466766
-5.98252  -4.64392  -0.763702
-6.10213  -3.5606  -2.2934
-5.89573  -2.44303  -4.11339
-5.55351  -1.54028  -5.62147
-5.31131  -0.593604  -6.94415
-4.9094  0.304419  -8.25281
-5.22267  0.905551  -9.73649
-5.45538  1.59646  -10.723
-4.54856  2.09645  -12.2741
-4.16337  2.66911  -13.2672
-4.16652  2.66185  -13.2659
-4.39405  2.85075  -14.0981
-6.39543  2.99678  -13.2661
-4.07381  -0.160526  -2.12554
-4.19957  0.27568  -4.01008
-3.22663  0.962325  -5.47298
-3.12355  1.00452  -5.64709
-3.30196  1.43738  -7.00184
-4.2378  0.926006  -4.80974
-5.54401  0.718411  -5.80167
-3.96141  0.503112  -4.10891
-4.41102  1.08048  -6.88028
-5.24397  1.3097  -7.59137
-5.39903  1.25456  -7.4711
-4.99369  1.08215  -5.18838
-5.21835  1.13752  -5.61647
-5.20674  1.12537  -5.64668
-5.11594  0.720582  -3.57141
-4.54212  0.289022  -1.74012
-4.05707  -0.130934  -0.0852271
-4.07303  -0.106619  -0.0387364
-3.62285  -0.762863  1.09834
-4.3574  -1.45174  2.58817
-4.52185  -1.81557  3.68219
-4.52132  -1.78278  3.70238
-4.1217  -2.69532  7.56684
-5.74929  -3.41956  8.91435
-6.53294  -3.65314  9.94901
-6.86356  -3.92503  10.6304
-5.92945  -4.22177  11.3561
-5.78739  -4.24636  11.0665
-5.97617  -4.57607  11.2333
-1.72605  8.53171  -20.2284
-6.71521  -5.70459  -12.3741
-5.73492  -9.85747  6.00554
-9.38253  -4.05929  -4.5531
-9.28083  -3.385  -9.99196
-9.37646  -2.82063  -9.44255
-9.09254  -2.1803  -11.9911
-8.3262  -1.27147  -14.2832
-8.34071  -1.29104  -14.2679
-7.52841  -0.368805  -16.2849
-8.03099  0.0336592  -17.7551
-7.27892  0.767711  -19.5384
-7.16623  0.848373  -19.7033
-6.66282  1.37867  -20.9989
-5.68033  1.99899  -21.2665
-2.25706  0.8895  -3.66319
-1.87083  0.46605  -3.13937
-2.24188  0.695313  -4.94833
-2.33002  0.739209  -4.26972
-2.47857  1.24843  -6.50614
-4.05536  2.34124  -12.7138
-4.05896  2.27748  -12.7484
-4.18938  2.83146  -15.9745
-4.81657  2.27062  -14.4159
-3.44381  1.06742  -9.22177
-4.26992  0.509838  -6.52085
-4.06888  0.873888  -9.09441
-4.19869  0.350374  -6.74227
-3.93713  0.110374  -4.85613
-3.50646  -0.189266  -2.26753
-3.40989  -0.429284  -0.26172
-3.35976  -0.628801  1.23298
-3.4003  -0.560734  1.35484
-4.0171  -0.704285  3.34547
-4.27651  -1.23035  4.40468
-6.0431  -1.93702  5.56361
-6.06513  -2.01168  5.55761
-5.18747  -2.16519  6.09155
-5.07239  -2.27641  6.67225
-4.95111  -2.30391  6.42157
-7.85982  -3.25566  7.47392
-7.92544  -3.05694  7.72853
-6.26978  -3.21536  7.29161
-6.33696  -3.29173  7.37119
-8.08383  -4.25337  4.59528
-8.51506  -4.82149  3.10397
-8.12022  -5.05145  1.04104
-7.47046  -5.0131  -0.646622
-7.70695  -5.04573  -2.58999
-7.61457  -5.07134  -2.78396
-7.16526  -4.7224  -4.60211
-7.22776  -4.92869  -6.71489
-7.01256  -4.22938  -8.4134
-6.98165  -4.20351  -8.45602
-7.07829  -3.88821  -10.3806
-6.89811  -3.25883  -12.414
-6.44948  -2.42156  -14.0847
-6.34398  -2.06355  -15.9056
-6.36593  -1.9634  -15.7987
-6.26164  -1.63112  -17.3094
-6.35611  -1.09076  -18.3011
-6.05896  -0.957735  -19.4374
-6.04607  -0.900552  -19.4252
-6.054  -0.984475  -19.4643
-5.75523  -0.455222  -20.0004
-7.43256  -0.500293  -20.7891
-6.66396  -1.16793  -0.797675
-6.08357  -1.27182  -0.490588
-6.30945  -1.15591  -0.684064
-4.79297  -0.761712  -0.0707386
-2.39861  0.109451  -0.120473
-2.35814  0.0348556  -0.249321
-1.21878  0.420234  -0.0301504
-1.1826  0.215094  -0.0732977
-1.58291  0.168253  0.598695
-1.44027  0.076856  0.461696
-1.27679  0.113232  1.47661
-0.493473  0.0734  2.18238
-2.82979  -1.41692  1.98822
-3.92217  -2.23049  2.47386
-3.99711  -2.27011  2.5952
-2.66698  -1.65109  1.68774
-2.32752  -2.11711  2.69202
-2.01361  -1.84082  0.245742
-2.19781  -1.52497  0.286143
-1.86962  -1.68033  -0.127429
-1.35824  -1.56695  -0.264185
-1.28383  -1.58558  -0.423385
-1.36014  -2.0752  -0.752151
-1.36458  -1.67521  -0.616282
-1.6345  -2.7426  -0.406868
-1.27431  -2.43869  -0.523998
-1.74471  -3.37743  -0.323503
-2.14327  -3.42152  -0.882642
-2.77065  -3.38051  -0.877489
-3.28636  -2.68671  -1.15379
-3.33008  -1.83745  -1.33907
-3.38184  -1.7634  -1.18778
-2.91164  -1.01361  -1.37477
-2.2263  -0.293773  -1.23784
-1.85699  -0.692041  -0.878536
-1.76749  -0.969011  -1.23876
-1.77915  -0.691494  -1.05062
-1.54475  -0.756157  -1.3944
-1.95215  -0.720135  -1.30327
-1.93858  -0.701539  -1.65126
-2.14915  -0.70249  -1.55658
-2.27965  -0.695362  -1.56175
-2.5372  -0.871674  -1.60596
-2.66867  -0.830155  -1.53034
-2.31757  -0.683093  -1.76736
-1.56706  -0.559919  -2.09094
-1.61749  -0.375988  -1.99942
-1.59461  -0.286642  -1.98563
-1.20703  -0.0571877  -2.04756
-1.02146  0.1492  -2.32084
-1.20237  0.121409  -2.26095
-1.14339  0.0566846  -2.42035
-1.37893  -9.07806e-05  -2.2289
-2.0008  0.126392  -1.98161
-1.82855  0.0434659  -2.41161
-1.70163  0.148969  -2.59434
-1.87239  0.162921  -2.24742
-1.03259  0.219173  -2.31001
-0.807931  0.151332  -1.797
-1.38175  -0.120306  -1.57375
-1.43132  -0.191738  -1.5229
-1.61703  -0.169095  -1.52213
-1.48754  -0.0475318  -1.66128
-1.04987  0.0382673  -1.75921
-0.43127  0.163927  -1.94118
-0.961764  0.0302076  -2.01807
-0.991016  0.0867714  -1.92284
-1.46062  -0.0682821  -1.65953
-1.3672  -0.00530499  -1.60244
-1.18502  -0.00923836  -1.64423
-0.872686  0.145764  -1.94716
-0.875486  0.116874  -2.01278
-1.3676  0.0148905  -1.8651
-1.36748  0.0242267  -1.21876
-0.890279  -0.0726686  -1.00657
-0.520791  -0.0722277  -1.22077
-0.793347  -0.0786535  -1.2192
-1.99238  -0.713842  -0.772941
-3.37142  -0.874294  -0.923093
-3.45647  -0.94566  -0.838681
-3.4483  -0.941004  -0.851752
-3.28134  -0.717982  -0.518109
-2.60915  -0.473296  -0.737515
-1.80178  -0.189779  -0.793074
-0.526378  -0.711073  -0.989487
-1.6527  -0.432353  -0.852566
-1.00626  1.49826  -4.41928
-1.92727  1.99447  -5.91118
-2.22359  1.69918  -4.6717
-2.15742  2.41422  -5.9423
-2.63784  1.64761  -4.44039
-2.67785  2.97039  -6.57603
-2.49564  2.70558  -6.12958
-3.02119  5.4615  -11.4812
-3.05796  5.47109  -11.4038
-3.38476  5.70838  -11.1966
-3.81375  1.90815  -4.46283
-3.47577  1.15729  -3.36443
-4.12366  0.101796  -1.66965
-4.00963  0.118622  -1.87876
-3.43123  -0.685188  -0.130308
-3.02285  -1.76235  1.22335
-2.96842  -2.46387  2.39864
-3.58876  -3.31702  3.75905
-3.4504  -3.12033  3.62148
-3.56884  -3.65752  4.63266
-3.06161  -4.01023  5.7231
-3.22804  -4.00715  7.01176
-3.91142  -4.97747  7.11565
-3.95709  -5.02452  7.17283
-5.21694  -5.38375  7.7951
-4.84023  -5.5655  7.89769
-4.4239  -5.69186  7.95639
-4.91118  -6.18585  7.60936
-5.82711  -6.97139  5.63061
-5.89026  -7.02451  5.71755
-6.39203  -6.75561  5.15588
-6.79869  -6.61843  4.52719
-7.07677  -6.71112  2.98781
-7.09585  -6.56567  1.64056
-6.98122  -6.44976  1.49559
-7.09446  -6.35592  -0.059027
-6.47782  -6.18328  -1.95706
-5.80916  -5.8094  -4.03013
-5.7676  -5.68675  -4.02957
-6.49954  -5.69959  -6.14428
-6.1934  -5.41436  -8.11881
-5.05709  -4.67136  -10.1247
-5.06151  -4.75626  -10.1721
-4.87861  -4.1675  -11.7923
-6.46527  -4.34141  -13.5647
-5.9182  -3.84092  -15.3634
-5.97986  -3.94666  -15.314
-5.91512  -3.79247  -15.3374
-2.93469  -1.13213  1.86111
-2.37875  -0.198605  -2.7866
-1.96649  0.0279326  -1.8443
-1.6134  0.043406  -2.01106
-1.76561  -0.061029  -1.76767
-1.53928  -0.12707  -2.09781
-0.931458  0.105562  -2.48741
-0.718187  0.0995165  -1.99243
0.120507  0.270672  -2.53756
-0.450639  0.480101  -2.74055
-1.31028  0.529734  -3.08825
-1.25373  0.151778  -3.47018
-1.23544  0.159223  -3.50119
-1.10519  0.302344  -4.48088
-1.71942  0.349379  -3.92443
-1.72212  0.385629  -3.89458
-1.62001  0.462941  -3.61235
-1.27048  0.369807  -3.39515
-4.27153  1.14483  -10.4206
-4.67969  1.72379  -11.9275
-5.42393  0.764887  -8.46496
-5.38573  0.770202  -8.53562
-5.38314  0.821838  -9.08044
-5.23444  0.670621  -7.19712
-5.86273  0.743571  -9.33308
-6.58604  0.573255  -8.0677
-6.80055  0.52682  -9.19373
-5.74409  0.491279  -7.54552
-5.81575  0.435996  -7.45303
-5.80062  0.445734  -7.47569
-5.88587  -0.0425453  -6.85318
-5.89363  -0.0979418  -6.87487
-5.49007  -0.163663  -5.43457
-4.34446  0.153854  -3.54763
-4.12804  0.0399494  -2.61494
-5.90618  -0.578993  -1.46276
-6.84564  -0.716834  -0.3395
-6.66163  -0.67301  -0.664073
-5.28563  -0.462634  0.177173
-5.19131  -0.453604  0.00194799
-4.59661  -0.200291  2.12481
-4.96892  0.158761  2.40191
-5.96563  0.209652  2.40033
-5.95913  0.221347  2.39557
-6.39348  0.365945  2.49435
-6.11815  0.627818  1.8459
-6.3813  0.734757  1.03164
-6.43698  0.868361  1.22689
-5.84976  1.29407  -0.215137
-7.05699  1.47098  -0.848835
-8.35837  1.51032  -1.96478
-8.0697  1.91963  -5.10942
-8.09219  1.95737  -5.0413
-8.16984  2.20715  -6.36736
-7.97309  2.46241  -8.62042
-7.92242  2.48836  -8.70062
-7.56931  3.24292  -10.3171
-8.10592  3.50512  -12.0924
-7.63522  4.38368  -13.9366
-7.27012  4.95491  -15.2628
-7.08289  4.97588  -15.6087
-6.06494  7.82731  -21.7763
-7.16357  8.44823  -22.8613
-7.25863  9.18344  -24.2148
-7.25581  9.32106  -24.1293
-7.29294  9.75047  -25.1028
-6.46026  10.319  -25.7518
-5.92624  10.7586  -26.1301
-5.8937  10.6967  -26.2336
-2.16455  -2.10805  -0.854949
-1.55464  -1.74594  -1.20147
-1.71321  -2.01496  -1.71212
-1.76596  -1.48943  -1.68188
-1.90218  -1.65697  -2.38881
-1.92098  -1.58413  -2.8419
-1.27323  -1.1974  -4.45342
-2.88966  -0.550296  -8.84975
-2.88139  -0.407846  -8.77199
-4.64179  -0.28663  -11.1843
-4.64218  0.13357  -13.6528
-3.69148  0.746119  -9.33501
-3.3707  0.482885  -7.50024
-2.94057  0.370096  -5.94675
-3.20492  -0.431717  -3.26951
-3.04158  -0.542663  -1.34304
-3.25473  -0.925301  0.663813
-3.22116  -0.98767  0.557602
-3.07644  -1.05126  2.22095
-3.91307  -1.36091  4.42775
-3.84375  -1.8016  6.24503
-3.58017  -2.02721  7.85144
-3.29331  -1.94439  10.0511
-2.57075  -2.14634  10.575
-2.51031  -2.11686  10.4767
-1.86944  -2.17672  10.8926
-2.93137  -2.07196  11.2081
-4.14255  -2.01085  11.4329
-4.83519  -2.582  9.96892
-4.9288  -2.46243  10.2294
-3.9391  -1.87304  2.97533
-3.64143  -1.68087  0.121596
-3.76633  -0.920449  -2.18968
-4.07453  0.0200648  -4.73871
-4.09066  -0.0256511  -4.73733
-4.14847  1.29165  -6.46506
-3.25106  2.23087  -9.04932
-3.08254  3.37035  -10.7886
-3.09863  3.49223  -10.6773
-3.43225  4.02829  -12.5964
-2.92892  5.23255  -13.5989
-2.46675  6.03577  -14.291
-1.66579  6.80965  -14.9071
-1.67059  6.91287  -14.83
-1.5015  7.44661  -14.9916
-1.27023  7.79646  -15.0684
-1.30574  7.54407  -15.1649
-1.34355  7.67435  -15.0059
-4.22446  0.551125  -17.5678
-5.88059  -0.0731034  -13.8121
-5.89628  -0.21802  -13.875
-6.57946  -0.0953344  -15.0845
-8.04529  -0.27733  -14.3474
-7.95709  0.117505  -12.3763
-7.22107  -0.278381  -10.448
-7.54818  0.0106113  -11.3419
-6.01805  0.301199  -7.86586
-5.96051  0.662312  -7.44851
-5.40353  0.333036  -4.76927
-5.03682  0.3402  -2.24515
-5.07566  0.37189  -2.14992
-4.92143  0.836333  0.742106
-5.35428  0.193201  0.564582
-5.46719  0.107408  0.727442
-5.79992  -0.59223  -0.204473
-5.11446  -0.859629  -0.997226
-4.61819  -1.23103  -2.19973
-4.88945  -1.48826  -3.96626
-5.49172  -0.728961  -16.987
-5.51326  -0.686488  -16.918
-5.98752  0.259653  -19.3812
-5.61983  1.24648  -21.5226
-4.56497  2.29028  -23.5457
-4.58403  2.33151  -23.4823
-3.95051  2.93555  -24.629
-3.54241  3.98283  -23.3914
-2.55724  4.65214  -23.5605
-2.18534  5.24056  -23.2036
-2.13993  4.89662  -23.5131
-1.83884  4.97171  -23.6982
-3.04583  4.29792  -22.0279
-2.91209  4.23369  -21.45
-6.15368  3.34665  -19.3448
-4.91427  3.54332  -16.4274
-4.53372  4.73613  -20.2319
-4.71631  4.79324  -19.8438
-4.04918  5.0189  -20.3289
-2.88262  2.39465  -10.8269
-3.25663  2.79617  -9.75494
-3.65639  1.86186  -7.3245
-3.76072  2.49994  -7.04808
-3.70916  2.58478  -7.09167
-3.26303  3.06136  -6.95363
-3.15274  3.17565  -7.0896
-5.18081  2.17383  -5.34747
-5.13977  2.17907  -5.42195
-4.56334  1.24233  -4.58653
-5.8658  0.169872  -3.36486
-6.019  0.23556  -3.03184
-6.46779  -0.683754  -2.6308
-6.52009  -0.73157  -2.56241
-5.61284  -1.54957  -1.70093
-5.40513  -2.54084  -1.0508
-5.41773  -2.47638  -0.985354
-5.32372  -3.38376  -0.097596
-5.26185  -3.15371  -0.0666509
-4.98599  -3.92811  0.97506
-5.85972  -7.87251  3.55573
-5.97823  -8.75649  3.88397
-5.66318  -9.72462  4.10679
-5.61389  -9.77142  3.98313
-5.30988  -10.6841  4.37305
-5.29338  -12.4177  5.30814
-5.01448  -13.034  5.96523
-4.95308  -13.0627  5.83025
-4.55698  -13.4473  6.05633
-5.17629  -14.2543  6.6432
-5.45796  -14.7447  6.66193
-5.3335  -15.008  6.85455
-5.30863  -15.0479  6.78165
-5.00726  -15.28  6.96338
-4.61222  -15.6244  6.49447
-5.07236  -15.7825  6.17718
-5.1609  -15.8866  5.41432
-5.1685  -16.0356  5.33274
-5.14257  -15.8306  5.41566
-5.05779  -15.9748  4.52448
-4.41851  -16.1097  -4.08133
-4.36757  -16.1075  -4.17655
-4.18136  -15.5622  -6.27074
-3.70161  -15.0049  -8.57729
-2.40777  -14.305  -10.799
-1.97493  -13.5437  -12.8906
-2.53066  -12.7804  -14.6766
-2.52045  -12.8369  -14.7323
-2.50118  -12.7401  -14.7065
-2.08339  -11.7327  -16.9349
-1.1128  -10.6428  -19.0367
-0.742092  -9.55051  -20.6082
-0.640675  -9.5915  -20.8271
-0.773114  -8.5268  -22.6482
-0.927809  -7.64287  -24.1911
-1.85907  -7.08077  -25.9216
-2.00806  -6.97673  -25.5719
-1.8073  -6.90979  -25.9096
-3.07341  -6.18825  -27.4847
-3.09141  -6.19247  -27.4533
-1.84568  -0.776996  -32.9256
-0.455267  0.0296293  -34.5103
-0.379468  0.443782  -35.997
-3.25172  -2.31918  -1.20265
-3.38967  -2.76978  -0.513508
-2.76693  -2.03388  -1.1236
-2.29479  -1.51055  -1.30704
-1.94183  -1.30998  -1.3473
-1.4117  -0.312687  -1.76943
-1.16406  -0.272831  -1.38992
-0.988912  -0.640472  -0.654222
-0.859103  -0.816313  -1.04177
-0.824626  -1.00133  -1.5814
-1.73023  -1.23278  -1.25854
-2.04264  -1.10635  -1.07756
-2.39817  -1.21435  -1.39355
-3.23658  -1.32124  -1.60282
-3.35489  -1.30667  -1.35829
-3.30145  -1.33637  -1.48417
-2.61542  -1.09536  -1.44894
-1.40164  0.0681094  -2.01617
-1.25604  0.115415  -2.10388
-0.407497  0.0788975  -2.38601
-0.878963  -0.335568  -1.92651
-0.90429  -0.371613  -1.9003
-1.4023  -0.906881  -1.92455
-1.4857  -0.74046  -2.03477
-1.29255  -0.498649  -2.26825
-1.41835  -0.571807  -2.06754
0.203585  -0.37855  -2.34165
1.89583  -0.274125  -2.71041
1.72944  -0.0532584  -2.8837
1.72947  -0.424008  -3.01288
2.07121  -0.338773  -2.99512
2.00364  -0.0604704  -2.67594
0.817366  -0.938402  -2.88592
-2.7503  -3.04856  -3.08184
-3.0889  -2.39247  -3.2383
-3.43383  -1.94127  -2.84677
-4.04218  -2.27954  -3.55309
-4.17544  -2.08628  -3.42427
-3.75838  -2.16016  -3.4968
-4.44437  -2.60647  -4.04983
-4.69905  -2.22145  -3.46958
-4.72219  -2.30414  -3.95566
-3.76242  -1.86259  -4.14963
-3.94961  -2.07622  -4.30631
-3.48102  -1.71186  -3.64754
-3.71585  -2.10625  -4.44878
-3.68472  -1.33441  -3.03442
-3.86349  -1.19293  -2.68004
-2.82455  -0.691052  -2.02496
-3.24954  -0.52286  -0.890915
-3.32638  -0.563329  -0.765651
-5.56188  0.514704  -12.8852
-5.5976  0.52284  -12.8103
-5.64639  0.580538  -12.6779
-4.63953  0.538914  -10.2248
-4.69665  -1.33414  1.53223
-4.65694  -1.3102  1.47028
-3.48287  -1.86221  4.23778
-4.31601  -2.46098  7.68568
-4.41463  -2.43544  7.8945
-5.46836  -3.5957  13.9359
-5.56018  -3.653  14.0779
-6.10784  -4.42797  16.8201
-6.36103  -5.05335  19.3593
-6.42125  -5.11075  19.4396
-6.5802  -5.8114  21.7819
-7.2738  -6.52901  24.2503
-7.49876  -7.30975  26.4778
-7.92289  -8.04253  28.6854
-8.14569  -8.0475  29.1167
-8.0097  -7.99177  28.8875
-8.88686  -8.76583  30.604
-12.3531  -11.5401  38.4332
-12.8049  -12.0948  39.4507
-13.2028  -12.2865  40.117
-13.4763  -12.6907  40.5601
-13.1589  -12.6704  40.6651
-13.1144  -12.7532  40.5248
-13.6863  -13.3182  39.83
-14.7015  -13.7467  36.945
-14.7048  -13.7738  36.9339
-14.7669  -13.8218  34.6804
-15.0456  -13.4666  32.3077
-15.6345  -13.2945  29.5104
-15.1648  -13.1572  26.1722
-14.6582  -12.5289  22.5454
-14.6244  -12.4791  22.5118
-14.4659  -11.7096  19.4162
-14.2837  -11.7417  19.04
-13.9436  -10.7988  16.0885
-13.9276  -10.7415  16.0943
-10.9346  -4.4784  4.02415
-9.55595  -2.51497  2.05111
-9.0046  -0.705202  0.936739
-8.44168  0.960121  0.579167
-8.57554  1.98622  1.07234
-7.70829  3.30979  1.53984
-7.8691  3.48438  1.96629
-7.2941  4.34748  1.92167
-8.71485  4.29377  2.20927
-8.36225  5.21272  3.75162
-8.36282  5.12772  3.69781
-6.50959  6.35077  4.31891
-6.8953  6.95826  5.28611
-6.85578  7.29164  5.42453
-6.68085  8.18356  5.82162
-7.01792  8.57103  6.72976
-6.73414  8.16326  5.9124
-6.56453  8.81862  5.90487
-6.85954  9.89332  8.9308
-6.69177  9.91915  9.37533
-6.58916  9.77126  9.67516
-6.59887  9.79782  9.71125
-7.23586  9.29042  9.81136
-7.33874  9.06463  9.9928
-6.92767  8.97789  10.0112
-6.09883  9.01064  9.83775
-7.06578  8.40478  9.85124
-8.30053  7.42236  9.55681
-8.23027  7.52404  9.48552
-8.74033  6.59582  8.68029
-9.22606  5.64067  7.77204
-9.41826  4.33517  6.39269
-9.66821  3.16819  4.33977
-9.94592  2.85664  4.68016
-9.67146  3.07092  4.28323
-9.87489  1.94919  2.44301
-5.86931  0.769584  -15.5821
-5.3252  1.01538  -17.4921
-2.73119  -1.71053  -0.884096
-3.56908  -2.23317  -0.626886
-3.77227  -2.04987  -0.704843
-3.46062  -2.32766  -1.24956
-3.04392  -2.43965  -1.86584
-3.01926  -1.75258  -2.0041
-3.59062  -1.70855  -1.79592
-3.00963  -1.28054  -1.61047
-3.0476  -1.39565  -1.61014
-2.13355  -0.808376  -1.60856
-1.68192  -0.347337  -1.73464
-1.0911  0.015628  -2.08954
-1.04812  0.0172294  -2.17395
-1.18619  0.0437964  -1.88204
-0.550134  0.718923  -1.57625
-0.131437  0.742231  -1.51458
-1.35436  -0.252714  -1.60835
-1.51814  -0.451085  -1.69276
-0.555057  -0.0720385  -1.81334
-0.610688  0.122904  -1.57524
0.478297  0.620775  -1.89506
1.83276  0.784891  -2.39692
0.827615  0.558607  -2.39673
-1.19968  0.180545  -1.84206
-2.34136  -0.423227  -1.36698
-3.82957  -1.24215  -1.58355
-3.75525  -1.27139  -1.75049
-2.46863  -0.788281  -1.33408
-2.84719  -0.858472  -1.62957
-3.03124  -0.766853  -1.2556
-2.75047  -0.228101  -0.930221
-2.69031  -0.46511  -1.59202
-2.15333  -0.198653  -1.98918
-1.42393  -0.520073  -2.2267
-1.50652  -0.39634  -2.20549
-0.943926  -0.299479  -2.33335
-0.745072  -0.22411  -2.48864
0.124542  -0.139088  -2.65969
0.0504826  -0.0654238  -2.7442
-1.33671  -0.253361  -2.6855
-2.56142  -0.390275  -2.43862
-3.78873  -0.425176  -1.83987
-3.31713  -0.624032  -2.11961
-3.27241  -0.69326  -2.25374
-2.4994  -0.27562  -2.11515
-1.82902  0.239736  -2.59769
-1.58825  0.31186  -2.91145
-1.95626  0.21317  -2.5678
-1.62185  0.505024  -2.46468
-1.57082  0.241085  -2.98863
-1.99112  0.555475  -2.19457
-1.49799  0.443827  -2.70591
-3.34656  0.0948693  -1.78311
-3.0284  -0.28376  -1.56586
-2.52597  -0.336526  -2.19001
-2.11124  -0.0527547  -2.37097
-2.98475  -0.361644  -1.94929
-2.8791  -0.36576  -2.1992
-2.90944  -0.310861  -2.10304
-2.89054  -0.407587  -2.20813
-2.96752  -0.346752  -2.01543
-2.78323  0.00528131  -1.3465
-3.28783  -0.539525  -1.72842
-2.56273  -0.325232  -1.1898
-2.69844  -0.813678  -1.24903
-2.57004  -0.616345  -1.29546
-2.45968  -0.473286  -1.71481
-2.33394  -0.539456  -2.41452
-4.59056  -1.15888  -2.31604
-1.31096  -0.326331  -2.81615
-2.34302  -0.377504  -2.3767
-3.65694  -0.639171  -1.66574
-3.5985  -0.741296  -1.66451
-2.63303  -0.45149  -2.26838
-2.66621  -0.399765  -2.1686
-2.43223  -0.412636  -2.64229
-1.96147  -0.410939  -3.01145
-2.45721  -0.487388  -2.96475
-1.79126  -0.261807  -2.46298
-1.57971  -0.187192  -2.28526
-1.21933  0.354646  -2.41232
-0.891499  0.458021  -2.08798
-1.48165  0.536126  -2.16059
-2.49938  -0.290343  -1.89835
-3.4271  -0.64307  -2.50626
-2.62166  -0.517369  -4.32636
-3.55625  -0.473962  -1.81062
-3.50503  -0.694114  -1.96404
-3.12591  -0.288677  -2.21085
-3.89488  -0.586455  -2.31537
-3.08907  -0.259697  -2.66793
-2.98326  -0.551212  -3.06846
-3.36646  -0.843733  -2.7717
-1.97932  -0.17654  -2.8067
-2.32443  -0.173657  -2.22195
-2.39988  -0.24644  -2.15002
-2.55084  -0.395419  -1.94708
-2.40889  -0.453191  -1.4877
-2.70396  -0.52655  -2.02606
-2.78811  -0.603837  -2.13335
-2.56756  -0.366378  -2.13409
-2.245  -0.226224  -2.36038
-2.16348  -0.149691  -2.63137
-2.15995  -0.183348  -2.96575
-2.50413  0.0251019  -2.14534
-1.92812  0.439018  -2.4229
-2.58463  0.246413  -2.41517
-2.50861  -0.0676115  -2.60415
-2.47421  0.106559  -2.5588
-2.47233  0.18295  -2.51265
-2.66424  0.100808  -2.27475
-2.61303  -0.0578454  -2.66545
-3.48264  -0.410523  -2.43409
-3.67658  -0.358788  -1.99035
-3.0905  -0.111223  -2.0324
-2.15854  -0.0399793  -2.21608
-1.33255  0.0623982  -2.67179
-1.56192  0.275343  -2.72576
-1.49291  0.351104  -2.87448
-1.0142  0.475336  -2.9013
-1.46744  0.443586  -3.03737
-2.16631  0.177241  -2.66559
-1.80502  0.300379  -2.63844
-2.40945  0.282774  -2.32374
-2.07373  0.206056  -2.02405
-2.42404  -0.325701  -2.14574
-2.47838  -0.332009  -2.11263
-2.47945  -0.33755  -2.03496
-2.64696  -0.591571  -2.02143
-2.31848  -0.330396  -2.06727
-2.35604  -0.346328  -1.9106
-2.28018  -0.412281  -2.11571
-2.26873  -0.484948  -1.77966
-2.53764  -0.694953  -1.70562
-2.41479  -0.717622  -1.59305
-2.37033  -0.417904  -1.74102
-2.02977  -0.324905  -1.71484
-2.11627  -0.968519  -2.27288
-2.1258  -0.999896  -2.2744
-1.81668  -0.56533  -2.05061
-1.60547  -0.652223  -2.52755
-1.87855  -0.47432  -2.38824
-1.86042  -0.436997  -2.48981
-2.18272  -0.463952  -2.31221
-0.88825  -0.355525  -2.35427
-0.364577  0.0790169  -2.95767
-0.522643  0.0807205  -2.92904
-0.277591  0.141958  -2.94253
0.280062  0.27268  -2.85662
0.298078  0.331771  -2.85384
0.496203  0.413413  -3.13748
0.634992  0.524851  -2.80136
0.261194  0.570124  -2.75019
0.522043  0.290692  -2.55264
-0.815012  -0.0257111  -2.51479
-1.74757  -0.229123  -2.04672
-0.907792  0.33154  -3.34943
-0.97607  -0.821787  -4.91348
0.535421  -1.30788  -6.09931
2.54973  -0.855118  -10.8489
15.3418  -9.38972  -41.4661
-1.20027  -3.76084  -7.42566
-0.271186  -3.25966  -9.77858
-0.506275  -2.57296  -8.39575
1.01411  -1.32982  -8.89422
-2.27133  -2.21504  -2.97474
-4.13122  -4.75337  -0.545246
-5.08691  -4.80611  0.805203
-3.41208  -2.77472  -0.195379
-3.50682  -2.10226  -0.61134
-1.15756  -2.09664  -5.27218
-0.326008  -3.52208  -5.04037
-3.57601  -10.4311  -2.64411
-4.65842  -10.9011  -1.27435
-4.86874  -11.3436  -1.47447
-1.19856  -3.41323  -2.87629
-2.37534  -2.32811  0.639342
4.28903  -0.364247  -11.2578
4.83141  -0.312141  -10.6982
6.90323  -4.40665  -17.37
6.33415  -8.82309  -20.6651
5.52188  -4.78724  -16.1395
5.55029  3.94729  -10.5637
7.81964  13.1072  -9.95254
60.7347  66.9976  -72.1809
14.7333  10.0908  -25.308
12.5227  12.6439  -19.7129
11.184  13.8725  -15.5967
6.46107  11.3971  -13.2336
6.1676  9.35933  -15.953
5.56478  4.18171  -13.1039
3.11537  1.26083  -10.209
2.17133  0.779338  -6.08188
1.43426  1.78704  -2.70625
1.9292  5.81488  0.0496887
1.1881  6.65899  2.08164
0.305238  7.94148  3.67894
-0.387839  7.95109  4.55395
-2.43149  7.18568  8.13784
-4.46782  3.00857  9.90355
-7.21164  -0.396763  13.7329
-8.34798  -1.48907  15.2942
-10.503  -3.38877  18.4219
-10.5292  -4.59812  16.6408
-50.5285  -28.4814  86.5462
-15.3955  -2.87833  16.6502
-17.4221  -3.11623  19.3453
-17.005  -2.51993  16.5942
-16.3353  -3.18818  14.2938
-14.5483  -2.79943  10.9263
-13.3524  -2.17294  8.63429
-14.1165  -3.10695  8.0782
-12.613  -1.38362  5.36946
-12.0024  -1.63386  3.98293
-10.5222  -2.15906  0.912412
-9.89433  0.102258  1.28876
-8.46128  1.61779  0.0868372
-9.44312  2.87098  1.19077
-9.67052  2.69573  1.52989
-9.83225  2.37841  1.70924
-10.1897  0.968251  1.62999
-11.0568  0.725767  2.39012
-8.61979  0.268951  -2.57338
-4.16166  -22.9911  -25.8565
-9.11428  -4.85881  -5.03643
-10.1021  -0.910373  -2.65304
-9.35664  -2.41663  -4.68574
-9.59524  -3.08752  -5.12985
-8.96456  -1.50436  -3.71151
-9.31231  -0.635994  -1.74057
-7.22901  -0.582938  -1.62344
-8.4264  1.31425  0.411309
-7.74376  2.5931  1.35871
-9.25691  3.50452  4.33444
-10.1656  2.7993  3.91965
-10.517  1.52303  2.60618
-7.23125  1.30576  1.83204
-9.57756  3.32332  3.43526
-8.75235  3.97314  2.2934
-7.85968  5.60231  2.40513
-5.11178  4.62186  -1.77713
-0.75262  13.1802  -3.37936
-4.15868  0.915156  -2.00847
-4.39451  10.0884  0.522846
-1.57622  13.1436  2.30383
-4.98873  -0.209739  0.242323
-6.31588  9.75113  2.75925
-7.452  3.8311  1.58035
3.31751  -15.5324  -2.75255
-16.7957  -13.3693  3.36974
-20.6898  -20.7119  8.5356
-6.44821  -8.50868  -6.22215
-7.74785  10.2348  7.13953
-9.8126  2.62387  3.16633
0.0169455  -0.545877  0.770476
-7.02851  -36.1614  -7.64711
-2.19773  0.124562  4.46724
-6.84669  0.46057  0.867534
-1.76559  -24.6451  -25.0751
-4.87247  -0.644324  -2.39985
8.44309  8.28209  -22.5453
-11.2693  -4.41403  -11.7237
0.920092  -8.8573  -34.2887
0.486411  -2.55171  -27.5618
1.01858  15.3079  -1.54166
-3.39243  2.41125  -1.20485
-2.10809  4.22728  -2.52145
-0.82295  6.42068  -3.59914
-8.41803  0.0671941  51.7214
-8.08129  23.0107  15.5081
-9.668  13.1189  10.2539
-1.07915  75.5387  36.7915
-8.83913  -13.5873  -1.56221
-27.5014  -247.334  -73.0269
-23.3883  -51.4892  1.62984
-10.5691  -16.2223  -3.33613
-11.5772  -8.91445  3.94792
-11.5474  -3.32445  7.43449
-5.19047  1.65479  0.731463
