132.465  -38.8493  86.033
132.465  -38.8493  86.033
132.444  -39.0035  86.0392
132.373  -39.0634  85.928
132.352  -39.0805  85.8601
132.334  -39.0687  85.796
132.24  -39.0368  85.5329
132.235  -39.0381  85.5031
132.214  -39.0492  85.476
132.22  -39.054  85.4781
132.219  -39.0602  85.4683
132.21  -39.0669  85.4547
132.178  -39.077  85.4189
132.177  -39.0911  85.4193
132.17  -39.1021  85.4043
132.18  -39.1098  85.4074
132.188  -39.1308  85.3989
132.183  -39.147  85.3831
132.09  -39.1823  85.2078
132.085  -39.1523  85.1993
132.081  -39.1468  85.203
132.096  -39.1488  85.2187
132.168  -39.1336  85.3135
132.215  -39.155  85.3105
132.229  -39.1599  85.298
132.229  -39.1574  85.2708
132.24  -39.1613  85.2677
132.25  -39.1578  85.2428
132.279  -39.1699  85.2234
132.313  -39.1894  85.2035
132.34  -39.2021  85.1894
132.355  -39.2103  85.1675
132.343  -39.2011  85.1782
132.365  -39.2093  85.162
132.378  -39.2147  85.1494
132.396  -39.2212  85.1319
132.546  -39.2715  84.963
132.568  -39.2672  84.9384
132.584  -39.2586  84.9479
132.604  -39.2468  84.9505
132.618  -39.2402  84.9473
132.638  -39.2299  84.9543
132.885  -39.0744  84.9735
132.954  -39.0161  84.9995
132.946  -38.9867  84.9725
132.97  -38.9604  84.9819
133.007  -38.9295  85.0106
133.027  -38.8917  85.0234
133.057  -38.8594  85.0449
133.054  -38.8231  85.0251
133.069  -38.7987  85.0303
133.101  -38.7715  85.0473
133.127  -38.738  85.0584
133.15  -38.7269  85.0776
133.16  -38.7078  85.0849
133.148  -38.6945  85.0694
133.164  -38.6636  85.0822
133.182  -38.6373  85.1036
133.087  -38.4356  85.2896
133.131  -38.4304  85.3166
133.285  -38.3328  85.3543
133.283  -38.2927  85.3523
133.245  -38.2823  85.3071
133.265  -38.2685  85.309
133.263  -38.2571  85.3096
133.243  -38.2577  85.2878
133.261  -38.2505  85.308
133.272  -38.245  85.3176
133.274  -38.2496  85.3252
133.272  -38.2593  85.3412
133.279  -38.2734  85.3545
133.283  -38.2734  85.3716
133.294  -38.2735  85.3878
133.478  -38.338  85.7574
133.486  -38.347  85.7646
133.498  -38.3489  85.7799
133.516  -38.3519  85.8011
133.653  -38.2187  85.9313
133.689  -38.1602  85.9426
133.694  -38.138  85.9463
133.699  -38.111  85.9308
133.714  -38.0888  85.9301
133.718  -38.0668  85.9243
133.728  -38.0512  85.9279
133.726  -38.0315  85.9164
133.737  -38.0209  85.9152
133.744  -38.0049  85.9042
133.74  -38.0043  85.8981
133.752  -37.9976  85.8989
133.751  -37.9967  85.8987
133.768  -37.9892  85.9052
133.778  -37.9841  85.9055
133.787  -37.9753  85.9046
133.793  -37.9643  85.908
133.646  -37.7617  85.9789
133.614  -37.7517  86.0264
133.605  -37.7581  86.0513
133.414  -37.7923  86.1683
133.406  -37.7902  86.1775
133.405  -37.7947  86.1838
133.404  -37.8002  86.1957
133.413  -37.8009  86.2059
133.417  -37.7994  86.2099
133.426  -37.8015  86.2143
133.432  -37.8076  86.2165
133.429  -37.8111  86.2182
133.384  -37.8129  86.1652
133.369  -37.8007  86.1562
133.377  -37.7925  86.1598
133.374  -37.7855  86.1538
133.376  -37.7874  86.1657
133.374  -37.7834  86.1663
133.372  -37.7808  86.1631
133.372  -37.7737  86.1605
133.376  -37.7716  86.1622
133.387  -37.7782  86.1547
133.383  -37.7988  86.1514
133.385  -37.8035  86.1513
133.389  -37.8048  86.1545
133.393  -37.805  86.1575
133.359  -37.8485  86.1754
133.34  -37.8665  86.1873
133.338  -37.868  86.1913
133.331  -37.8684  86.1855
133.325  -37.8719  86.1867
133.321  -37.8761  86.1904
133.314  -37.8726  86.1863
133.308  -37.8795  86.1844
133.307  -37.8877  86.1805
133.31  -37.9005  86.1749
133.316  -37.9095  86.1669
133.33  -37.9317  86.1483
133.289  -37.9442  86.0873
133.305  -37.9617  86.0785
133.327  -37.991  86.0554
133.357  -38.0057  86.0534
133.985  -38.5067  85.5869
134.164  -38.6359  85.4715
134.207  -38.6932  85.3855
134.298  -38.7644  85.3318
134.435  -38.8586  85.2789
134.499  -38.9303  85.1683
136.74  -41.1227  83.6453
137.002  -41.3547  83.3597
137.104  -41.4246  83.2942
137.272  -41.5306  83.2064
141.591  -42.0977  82.1931
142.289  -41.7453  81.5401
142.085  -41.7862  81.5886
142.086  -41.8004  81.5557
142.042  -41.7524  81.4729
141.98  -41.7246  81.4529
142.106  -41.7545  81.5418
141.984  -41.7662  81.409
140.698  -38.5348  86.6855
137.152  -38.2742  86.4859
136.959  -38.1575  86.4815
136.943  -38.1521  86.5051
136.931  -38.1426  86.5003
136.947  -38.14  86.5166
136.941  -38.1217  86.5193
137.662  -37.7644  86.6494
137.715  -37.6797  86.6862
137.689  -37.6572  86.6981
137.698  -37.6568  86.7548
137.745  -37.7226  86.8756
137.761  -37.735  86.9146
137.772  -37.7547  86.9563
137.791  -37.7691  86.9867
137.955  -38.0805  87.0366
137.997  -38.2071  86.8863
137.968  -38.2071  86.8655
137.989  -38.2544  86.8307
137.835  -38.8602  86.1244
137.705  -38.9522  85.9441
137.676  -38.9517  85.9057
137.657  -38.9629  85.8738
137.649  -38.9686  85.8664
137.647  -38.9731  85.8727
137.626  -38.9788  85.8461
137.711  -38.9184  85.697
137.851  -38.9585  85.7293
137.87  -38.9667  85.7346
137.904  -38.9817  85.7355
137.935  -38.9843  85.7364
137.965  -38.988  85.7374
138.009  -38.9904  85.7431
138.488  -39.1059  85.4253
138.517  -39.2063  85.411
138.508  -39.2049  85.4127
138.433  -39.261  85.3847
138.389  -39.2679  85.3715
138.364  -39.281  85.3816
138.034  -39.5933  85.1247
138.091  -39.5627  85.1226
138.118  -39.5583  85.1217
138.132  -39.5412  85.0998
138.14  -39.5186  85.0942
138.095  -39.0259  84.6491
138.007  -38.952  84.5019
137.974  -38.953  84.483
137.957  -38.956  84.4666
137.944  -38.9694  84.4696
137.842  -39.0276  84.4512
137.812  -39.0432  84.4555
137.264  -39.2659  84.7303
137.211  -39.2963  84.8108
137.176  -39.2966  84.8142
137.137  -39.2855  84.8078
137.124  -39.2862  84.8231
136.92  -39.2631  84.6294
136.919  -39.2622  84.6635
136.904  -39.2501  84.6777
136.675  -39.1598  84.7513
136.576  -39.1299  84.7062
136.574  -39.1393  84.7159
136.525  -39.1301  84.6983
136.492  -39.1301  84.6895
136.485  -39.1326  84.6839
136.45  -39.1307  84.6737
136.402  -39.1318  84.6696
135.706  -39.2052  84.6164
135.564  -39.3168  84.5842
135.52  -39.335  84.578
135.491  -39.3426  84.5759
135.485  -39.3481  84.5822
134.951  -39.2979  84.6998
134.722  -39.2744  84.5748
134.623  -39.2699  84.4879
134.616  -39.279  84.5013
134.65  -39.2761  84.5437
134.69  -39.2758  84.6
134.699  -39.2671  84.6059
134.746  -39.2645  84.666
135.322  -39.0712  85.1851
135.695  -38.938  85.4379
135.772  -38.9103  85.4956
135.875  -38.8902  85.5702
135.88  -38.9088  85.5864
135.989  -38.8749  85.6779
136.365  -38.6389  85.9808
136.461  -38.5714  86.0411
137.435  -37.4231  86.8668
137.562  -37.1843  87.0659
137.596  -37.131  87.1175
137.666  -37.037  87.217
137.721  -36.9566  87.2835
137.759  -36.9134  87.3326
138.985  -35.7079  88.6291
139.229  -35.4584  88.8728
139.243  -35.4536  88.8841
139.243  -35.4489  88.8807
139.234  -35.4423  88.8857
139.234  -35.4234  88.8842
139.354  -35.2985  88.9241
139.384  -35.284  88.9246
139.739  -35.1707  88.8182
139.814  -35.1671  88.8105
139.847  -35.1593  88.7983
139.906  -35.1541  88.7818
139.926  -35.1463  88.7737
139.958  -35.1409  88.7595
139.997  -35.1345  88.7491
140.013  -35.1399  88.7161
140.521  -34.8119  88.5837
140.585  -34.7041  88.5547
140.588  -34.6967  88.5485
140.595  -34.6808  88.5389
140.574  -34.6767  88.5289
140.576  -34.6673  88.5189
140.573  -34.5992  88.4695
140.568  -34.5888  88.4554
140.567  -34.5898  88.4509
140.525  -34.6936  88.3316
140.521  -34.7088  88.3179
140.522  -34.7114  88.3142
140.527  -34.7206  88.3147
140.518  -34.7275  88.293
140.507  -34.7227  88.2786
140.505  -34.7223  88.2706
140.514  -34.5959  88.1287
140.501  -34.5523  88.1079
140.494  -34.5557  88.0989
140.521  -34.5538  88.1219
140.58  -34.5161  88.1522
140.576  -34.495  88.1497
140.686  -34.4039  88.0643
140.726  -34.3478  88.034
140.742  -34.33  88.0289
140.758  -34.3108  88.024
140.772  -34.291  88.0162
140.799  -34.2769  88.0273
140.855  -34.2196  88.0361
140.881  -34.1938  88.0283
141.288  -33.8168  88.1603
141.396  -33.7752  88.1739
141.412  -33.7704  88.1654
141.42  -33.7702  88.1653
141.434  -33.76  88.1519
141.454  -33.7034  88.0872
141.462  -33.6926  88.0679
141.42  -33.6902  87.9763
141.41  -33.663  88.0565
141.41  -33.663  88.0565
141.409  -33.65  88.0978
141.395  -33.6414  88.1303
141.38  -33.6295  88.1625
141.37  -33.6164  88.2243
141.725  -33.8198  89.3108
141.725  -33.9535  89.2781
141.705  -33.9519  89.2617
141.691  -33.9764  89.2569
141.689  -33.9807  89.2476
141.546  -34.0663  89.1401
140.843  -33.8546  88.495
140.656  -33.8072  88.3634
140.611  -33.8004  88.339
140.551  -33.7906  88.305
140.507  -33.7939  88.2726
140.483  -33.8019  88.2489
140.474  -33.8107  88.2345
140.357  -33.8876  88.2148
140.34  -33.9019  88.2241
140.133  -33.853  88.3687
140.111  -33.7973  88.3754
140.124  -33.7819  88.3926
140.135  -33.7643  88.4009
140.136  -33.7453  88.4039
140.157  -33.7163  88.4203
140.172  -33.6825  88.421
140.189  -33.6537  88.4262
140.719  -32.2983  88.5181
140.889  -32.1958  88.5332
140.986  -32.1181  88.551
141.083  -32.0436  88.5608
141.187  -31.9653  88.5652
141.243  -31.9243  88.5705
141.34  -31.8486  88.5768
141.462  -31.7404  88.5768
143.402  -30.4376  88.4822
143.636  -30.2909  88.4576
143.739  -30.2192  88.4396
143.774  -30.1941  88.436
143.881  -30.1104  88.4175
144.03  -30.0069  88.3966
144.655  -29.5258  88.3063
144.784  -29.4147  88.2847
144.947  -29.2902  88.2528
147.936  -27.1204  88.0918
149.198  -26.0636  88.3154
149.506  -25.7814  88.3908
149.781  -25.5139  88.454
150.063  -25.2182  88.5261
150.281  -24.961  88.5863
150.527  -24.6386  88.6462
154.798  -18.8733  89.0848
155.084  -18.4139  89.0404
155.186  -18.238  89.0365
155.387  -17.9255  89.0403
155.542  -17.6488  89.0357
155.716  -17.2877  89.0269
155.785  -17.0134  89.0115
156.26  -13.1872  88.9781
156.124  -12.7338  88.9814
156.018  -12.4323  89.0221
155.896  -12.1489  89.1083
155.773  -11.8469  89.2297
155.6  -11.5201  89.3761
155.409  -11.233  89.5227
155.008  -10.8432  89.7979
154.898  -10.756  89.8732
145.383  -3.1015  91.6581
141.402  -0.166223  91.6376
140.798  0.326183  91.4763
139.663  1.0613  91.1994
139.504  1.01384  91.1382
139.165  1.08367  91.0644
138.187  1.50632  90.8591
136.863  2.01508  90.575
122.247  9.40377  84.8631
121.446  10.7338  83.5679
121.306  11.0345  83.0584
121.28  11.183  82.6512
121.33  11.2197  82.4371
121.259  11.4124  82.0407
121.279  11.639  81.592
121.633  15.0791  75.4685
121.843  15.4913  74.7779
122.122  15.8213  74.1476
122.424  16.1982  73.3778
122.617  16.5506  72.7522
122.793  16.93  72.1115
123.55  17.8104  70.282
123.804  18.1186  69.6064
124.719  20.2099  61.1791
125.452  22.0083  60.905
125.529  22.2523  60.8251
125.525  22.4041  60.8061
125.459  22.5128  60.7835
125.439  22.5515  60.7003
125.493  22.6087  60.501
125.61  22.5927  60.2134
125.622  22.45  60.2647
125.622  22.45  60.2647
125.622  22.45  60.2647
125.622  22.45  60.2647
125.622  22.45  60.2647
125.622  22.45  60.2647
125.622  22.45  60.2647
125.622  22.45  60.2647
125.622  22.45  60.2647
125.622  22.45  60.2647
125.622  22.45  60.2647
125.622  22.45  60.2647
125.622  22.45  60.2647
125.622  22.45  60.2647
125.622  22.45  60.2647
125.622  22.45  60.2647
125.622  22.45  60.2647
125.622  22.45  60.2647
125.622  22.45  60.2647
125.622  22.45  60.2647
125.622  22.45  60.2647
125.622  22.45  60.2647
125.622  22.45  60.2647
125.622  22.45  60.2647
125.622  22.45  60.2647
125.622  22.45  60.2647
125.622  22.45  60.2647
125.622  22.45  60.2647
125.622  22.45  60.2647
125.622  22.45  60.2647
125.622  22.45  60.2647
125.622  22.45  60.2647
125.622  22.45  60.2647
125.622  22.45  60.2647
125.622  22.45  60.2647
125.622  22.45  60.2647
125.622  22.45  60.2647
125.622  22.45  60.2647
125.622  22.45  60.2647
125.622  22.45  60.2647
125.622  22.45  60.2647
125.622  22.45  60.2647
125.622  22.45  60.2647
125.622  22.45  60.2647
125.622  22.45  60.2647
125.622  22.45  60.2647
125.622  22.45  60.2647
125.622  22.45  60.2647
125.622  22.45  60.2647
125.622  22.45  60.2647
125.622  22.45  60.2647
125.622  22.45  60.2647
125.622  22.45  60.2647
125.622  22.45  60.2647
125.622  22.45  60.2647
125.622  22.45  60.2647
125.622  22.45  60.2647
125.622  22.45  60.2647
125.622  22.45  60.2647
125.622  22.45  60.2647
125.622  22.45  60.2647
125.622  22.45  60.2647
125.622  22.45  60.2647
125.622  22.45  60.2647
125.622  22.45  60.2647
125.622  22.45  60.2647
125.622  22.45  60.2647
125.622  22.45  60.2647
125.622  22.45  60.2647
125.622  22.45  60.2647
125.622  22.45  60.2647
125.622  22.45  60.2647
125.622  22.45  60.2647
125.622  22.45  60.2647
125.622  22.45  60.2647
125.622  22.45  60.2647
125.622  22.45  60.2647
125.622  22.45  60.2647
125.622  22.45  60.2647
125.622  22.45  60.2647
125.622  22.45  60.2647
125.622  22.45  60.2647
125.622  22.45  60.2647
125.622  22.45  60.2647
125.622  22.45  60.2647
125.622  22.45  60.2647
125.622  22.45  60.2647
125.622  22.45  60.2647
125.622  22.45  60.2647
125.622  22.45  60.2647
125.622  22.45  60.2647
125.622  22.45  60.2647
125.622  22.45  60.2647
125.622  22.45  60.2647
125.622  22.45  60.2647
125.622  22.45  60.2647
125.622  22.45  60.2647
125.622  22.45  60.2647
125.622  22.45  60.2647
125.622  22.45  60.2647
125.622  22.45  60.2647
125.622  22.45  60.2647
125.622  22.45  60.2647
125.622  22.45  60.2647
125.622  22.45  60.2647
125.622  22.45  60.2647
125.622  22.45  60.2647
125.622  22.45  60.2647
125.622  22.45  60.2647
125.622  22.45  60.2647
125.622  22.45  60.2647
125.622  22.45  60.2647
125.622  22.45  60.2647
125.622  22.45  60.2647
125.622  22.45  60.2647
125.622  22.45  60.2647
125.622  22.45  60.2647
125.622  22.45  60.2647
125.622  22.45  60.2647
125.622  22.45  60.2647
125.622  22.45  60.2647
125.622  22.45  60.2647
125.622  22.45  60.2647
125.622  22.45  60.2647
125.622  22.45  60.2647
125.622  22.45  60.2647
125.622  22.45  60.2647
125.622  22.45  60.2647
125.622  22.45  60.2647
125.622  22.45  60.2647
125.622  22.45  60.2647
125.622  22.45  60.2647
125.622  22.45  60.2647
125.622  22.45  60.2647
125.622  22.45  60.2647
125.622  22.45  60.2647
125.622  22.45  60.2647
125.622  22.45  60.2647
125.622  22.45  60.2647
125.622  22.45  60.2647
125.622  22.45  60.2647
125.622  22.45  60.2647
125.622  22.45  60.2647
125.622  22.45  60.2647
125.622  22.45  60.2647
125.622  22.45  60.2647
125.622  22.45  60.2647
125.622  22.45  60.2647
125.622  22.45  60.2647
125.622  22.45  60.2647
125.622  22.45  60.2647
125.622  22.45  60.2647
125.622  22.45  60.2647
125.622  22.45  60.2647
125.622  22.45  60.2647
125.622  22.45  60.2647
125.622  22.45  60.2647
125.622  22.45  60.2647
125.622  22.45  60.2647
125.622  22.45  60.2647
125.622  22.45  60.2647
125.622  22.45  60.2647
125.622  22.45  60.2647
125.622  22.45  60.2647
125.622  22.45  60.2647
125.622  22.45  60.2647
125.622  22.45  60.2647
125.622  22.45  60.2647
125.622  22.45  60.2647
125.622  22.45  60.2647
125.622  22.45  60.2647
125.622  22.45  60.2647
125.622  22.45  60.2647
125.622  22.45  60.2647
125.622  22.45  60.2647
125.622  22.45  60.2647
125.622  22.45  60.2647
125.622  22.45  60.2647
125.622  22.45  60.2647
125.622  22.45  60.2647
125.622  22.45  60.2647
125.622  22.45  60.2647
125.622  22.45  60.2647
125.622  22.45  60.2647
125.622  22.45  60.2647
125.622  22.45  60.2647
125.622  22.45  60.2647
125.622  22.45  60.2647
125.622  22.45  60.2647
125.622  22.45  60.2647
125.622  22.45  60.2647
125.622  22.45  60.2647
125.622  22.45  60.2647
143.818  -48.407  81.0524
143.822  -48.4116  81.0535
143.83  -48.4076  81.0581
143.782  -48.3885  81.0038
143.792  -48.3883  81.0117
143.788  -48.3895  81.0048
143.782  -48.3939  81.0058
143.782  -48.3938  81.0064
143.779  -48.4005  81.0137
143.781  -48.4001  81.0173
143.793  -48.4028  81.0305
143.78  -48.4019  81.0132
143.781  -48.3951  81.0188
143.781  -48.3961  81.0178
143.77  -48.3896  80.996
143.782  -48.3929  81.0333
143.782  -48.394  81.0319
143.786  -48.3972  81.0303
143.782  -48.405  81.0218
143.79  -48.411  81.0315
143.789  -48.4093  81.0306
143.789  -48.4057  81.0311
143.778  -48.399  81.0098
143.781  -48.3871  81.0115
143.778  -48.3865  81.0168
143.781  -48.3864  81.0227
143.781  -48.3803  81.0209
143.78  -48.3719  80.993
143.775  -48.4024  81.0238
143.792  -48.3961  81.0166
143.783  -48.3968  81.0067
143.782  -48.3975  81.0082
143.777  -48.3976  81.0166
143.782  -48.3951  81.0198
143.784  -48.3932  81.017
143.784  -48.3932  81.0177
143.673  -48.3723  80.8889
143.717  -48.3722  80.9428
143.725  -48.3751  80.9442
143.723  -48.373  80.942
143.728  -48.3733  80.9515
143.736  -48.3788  80.9631
143.736  -48.3804  80.9616
143.742  -48.3899  80.972
143.806  -48.3945  81.0366
143.809  -48.406  81.0428
143.809  -48.409  81.0403
143.733  -48.4111  80.9524
143.731  -48.4135  80.9517
143.744  -48.4032  80.9643
143.745  -48.3965  80.9754
143.755  -48.394  80.9852
143.75  -48.3917  80.9762
143.791  -48.4078  81.0226
143.792  -48.4087  81.028
143.794  -48.4092  81.0311
143.804  -48.4  81.0475
143.803  -48.4125  81.0508
143.804  -48.4119  81.0516
143.814  -48.4088  81.0557
143.761  -48.4131  80.9713
143.752  -48.4059  80.9696
143.787  -48.3978  81.015
143.737  -48.3854  80.9515
143.736  -48.3868  80.9601
143.78  -48.3987  81.0152
143.78  -48.3995  81.0178
143.784  -48.3965  81.0229
143.697  -48.3904  80.9054
143.707  -48.3877  80.9212
143.769  -48.4  81.011
143.793  -48.3971  81.0217
143.789  -48.3937  81.0291
143.792  -48.3922  81.0291
143.793  -48.3912  81.0326
143.718  -48.3876  80.9599
143.756  -48.3838  80.9845
143.755  -48.3807  80.9818
143.763  -48.3896  80.9967
143.757  -48.3888  80.9972
143.803  -48.402  81.029
143.793  -48.4075  81.0336
143.713  -48.4211  80.9289
143.718  -48.408  80.9392
143.725  -48.3996  80.9464
143.757  -48.4058  81.0162
143.744  -48.3806  80.9626
143.747  -48.3784  80.9598
143.787  -48.4085  81.031
143.808  -48.3953  81.0239
143.817  -48.392  81.0247
143.81  -48.3969  81.0206
143.809  -48.3973  81.0267
143.813  -48.3972  81.0306
143.809  -48.3932  81.0171
143.811  -48.394  81.0192
143.799  -48.3851  80.9938
143.797  -48.3771  80.9927
143.808  -48.3789  81.0043
143.814  -48.3843  81.0123
143.812  -48.3883  81.0197
143.808  -48.3881  81.0213
143.804  -48.3915  81.0106
143.81  -48.387  81.0095
143.809  -48.3868  81.0095
143.816  -48.3878  81.0093
143.809  -48.3873  80.999
144.028  -48.327  81.0179
144.049  -48.326  81.0387
144.053  -48.3241  81.0432
144.057  -48.3263  81.0467
144.044  -48.3211  81.0351
144.047  -48.3242  81.0406
144.017  -48.3306  81.0007
144.025  -48.3301  81.0116
144.032  -48.3286  81.0219
144.003  -48.3267  80.9855
144.003  -48.3269  80.9839
144.007  -48.3261  80.9895
144.004  -48.3273  80.9931
144  -48.3297  80.9933
143.976  -48.3331  80.9621
143.962  -48.3283  80.94
143.969  -48.3248  80.9483
143.973  -48.3257  80.9621
143.971  -48.3256  80.9622
143.979  -48.324  80.9771
143.991  -48.3226  80.9879
143.999  -48.3194  80.9915
143.999  -48.3185  80.9919
143.972  -48.3278  80.9584
143.981  -48.3244  80.9729
143.979  -48.3234  80.9714
143.992  -48.3176  80.9816
143.996  -48.3215  80.99
143.997  -48.3258  80.9951
143.994  -48.3255  80.9915
143.999  -48.3249  80.9994
144.003  -48.3226  81.0059
144.009  -48.3218  81.0083
144.009  -48.3205  81.0079
144.018  -48.3211  81.0162
144.021  -48.3242  81.0174
144.02  -48.324  81.0176
144.023  -48.3301  81.022
143.993  -48.3301  80.9855
143.99  -48.3307  80.9842
143.967  -48.3236  80.952
143.948  -48.3247  80.9271
143.954  -48.3255  80.9412
143.95  -48.3261  80.9381
143.956  -48.3203  80.949
143.968  -48.3196  80.9598
143.966  -48.3192  80.9586
143.973  -48.326  80.9716
143.982  -48.3238  80.9809
143.994  -48.3231  80.9919
143.993  -48.3224  80.9908
143.967  -48.324  80.9535
143.974  -48.3224  80.9639
143.953  -48.3215  80.9317
143.938  -48.318  80.9125
143.935  -48.3173  80.9087
143.946  -48.3118  80.923
143.938  -48.3128  80.9163
143.926  -48.3156  80.8996
143.909  -48.3185  80.8855
143.894  -48.3135  80.8667
143.91  -48.3061  80.8809
143.927  -48.3032  80.8986
143.925  -48.2998  80.8955
143.937  -48.3045  80.9117
143.944  -48.3081  80.9218
143.952  -48.3093  80.9296
143.958  -48.3104  80.9408
143.958  -48.3097  80.9411
143.973  -48.3125  80.96
143.955  -48.3157  80.9334
143.939  -48.3175  80.912
143.938  -48.3186  80.9104
143.946  -48.3207  80.9283
143.954  -48.3166  80.9395
143.954  -48.3163  80.9402
143.939  -48.3195  80.9196
143.948  -48.3181  80.9332
143.966  -48.3131  80.9469
143.973  -48.3142  80.9564
143.978  -48.3143  80.9619
143.986  -48.3182  80.9772
143.995  -48.3192  80.9907
143.997  -48.3198  80.9947
144.008  -48.3197  81.0045
143.989  -48.3218  80.9757
143.997  -48.3235  80.9867
143.999  -48.324  80.9878
144.007  -48.3238  81.0006
144.017  -48.3268  81.0104
144.021  -48.3266  81.0207
144.023  -48.3261  81.024
144.031  -48.3252  81.0294
144.034  -48.3253  81.0349
144.042  -48.3246  81.046
144.05  -48.3216  81.0498
144.017  -48.3258  81.007
144.019  -48.3266  81.0086
143.995  -48.3249  80.9789
144.002  -48.3204  80.9834
144.003  -48.3199  80.9834
144.009  -48.3173  80.9915
144.01  -48.3164  80.9935
144.013  -48.3173  80.999
144.013  -48.3168  80.999
144.017  -48.3221  81.0071
144.018  -48.3268  81.0131
144.02  -48.3274  81.0153
144.025  -48.3263  81.0243
143.999  -48.3292  80.9861
144.004  -48.3258  80.9937
144.004  -48.3258  80.994
144.013  -48.3217  81.0026
143.989  -48.3236  80.9685
143.988  -48.3234  80.9668
143.992  -48.3202  80.9781
144  -48.3167  80.9902
144  -48.314  80.99
143.978  -48.3213  80.9569
143.958  -48.3185  80.936
143.956  -48.319  80.934
143.97  -48.3145  80.947
143.978  -48.3178  80.9586
143.977  -48.3182  80.9582
143.95  -48.3177  80.9262
143.94  -48.3135  80.9108
143.943  -48.3136  80.9153
143.95  -48.3132  80.9244
143.936  -48.3126  80.9101
143.933  -48.3119  80.907
143.947  -48.3117  80.9246
143.935  -48.3209  80.912
143.933  -48.3218  80.9089
143.944  -48.3207  80.9244
143.962  -48.3172  80.9428
143.961  -48.3165  80.9411
143.967  -48.314  80.9466
143.966  -48.3134  80.945
143.948  -48.3149  80.9228
143.936  -48.317  80.9048
143.944  -48.3144  80.9197
143.957  -48.3141  80.9353
143.956  -48.3137  80.9338
143.967  -48.3126  80.9452
143.977  -48.3139  80.9609
143.977  -48.3126  80.9611
143.985  -48.319  80.9752
143.965  -48.3242  80.9515
143.948  -48.3222  80.9262
143.944  -48.3231  80.9231
143.93  -48.3201  80.9042
143.923  -48.3152  80.8913
143.936  -48.3121  80.9059
143.929  -48.3102  80.8973
143.923  -48.3081  80.8893
143.938  -48.3051  80.9066
143.926  -48.3049  80.89
143.923  -48.3027  80.8875
143.936  -48.3032  80.9049
143.922  -48.3116  80.8898
143.934  -48.3138  80.9111
143.932  -48.3141  80.9099
143.946  -48.3113  80.9247
143.959  -48.315  80.9402
143.969  -48.3202  80.9571
143.969  -48.3213  80.9595
143.958  -48.3219  80.9421
143.969  -48.3201  80.9543
143.979  -48.3228  80.9693
143.98  -48.3236  80.9714
143.991  -48.3229  80.9845
144  -48.3196  80.988
144.004  -48.3193  80.9907
143.984  -48.3262  80.962
143.995  -48.3246  80.976
144.004  -48.3214  80.9847
144.013  -48.323  80.9956
144.016  -48.3227  80.9977
144.021  -48.323  81.0059
144.024  -48.3226  81.0083
144.03  -48.3251  81.0199
144.034  -48.3245  81.0258
144.035  -48.3237  81.0252
144.038  -48.3238  81.0287
144.044  -48.326  81.0355
144.051  -48.3299  81.0441
144.054  -48.331  81.048
144.044  -48.327  81.0418
144.048  -48.3294  81.0483
144.051  -48.3298  81.0513
144.028  -48.3324  81.0174
144.03  -48.3336  81.019
144.005  -48.3346  80.9819
144.003  -48.3304  80.9884
144.003  -48.3306  80.989
144.008  -48.3252  80.9973
144.012  -48.3217  81.0008
144.012  -48.3217  81.0017
144.016  -48.3229  81.0058
144.024  -48.3241  81.0161
144.025  -48.3243  81.018
143.997  -48.3267  80.9824
144  -48.3264  80.9858
144.008  -48.3234  80.9949
144.017  -48.3233  81.0068
143.99  -48.3221  80.9741
143.989  -48.3222  80.973
143.996  -48.3248  80.9832
143.995  -48.3253  80.9826
143.998  -48.3253  80.9888
144.006  -48.326  80.998
144.007  -48.326  80.998
143.98  -48.3286  80.963
143.964  -48.3262  80.944
143.961  -48.3261  80.9395
143.971  -48.3231  80.9512
143.982  -48.3205  80.9649
143.981  -48.3196  80.9647
143.992  -48.3162  80.9772
143.992  -48.3154  80.978
144.004  -48.3157  80.9919
144.011  -48.3189  81.0023
144.011  -48.3188  81.0036
144.017  -48.3238  81.0133
144.026  -48.3236  81.0211
144.028  -48.3237  81.0239
144.03  -48.3274  81.0258
143.995  -48.3281  80.9838
144.003  -48.323  80.9907
144.005  -48.3235  80.992
144.015  -48.3216  81.0026
144.021  -48.3258  81.0132
144.024  -48.3292  81.0241
144.023  -48.3277  81.0233
144.021  -48.3262  81.0226
144  -48.3268  80.9911
144.007  -48.3278  81.0006
144.014  -48.3278  81.0127
144.016  -48.3281  81.0151
143.997  -48.3249  80.9833
143.989  -48.3127  80.9746
143.98  -48.3141  80.9632
143.971  -48.3169  80.9508
143.978  -48.319  80.9635
143.981  -48.3197  80.9685
143.982  -48.3195  80.9706
143.995  -48.322  80.9788
144  -48.3263  80.9913
144  -48.3267  80.9927
144.011  -48.325  81.0063
143.988  -48.3273  80.9692
143.988  -48.3278  80.9694
143.993  -48.3246  80.9783
144.008  -48.3259  80.9938
144.018  -48.3249  81.0069
144.027  -48.3239  81.017
144.03  -48.3241  81.0193
144.003  -48.3295  80.9839
144.009  -48.329  80.995
144.011  -48.3297  80.9962
144.014  -48.33  81.0034
144.02  -48.3293  81.0135
144.033  -48.3305  81.026
144.035  -48.3313  81.0285
144.037  -48.3352  81.0331
144.038  -48.3329  81.0344
144.041  -48.3339  81.0369
144.008  -48.3328  80.99
143.986  -48.3296  80.9636
143.985  -48.3306  80.9618
143.969  -48.3248  80.9397
143.977  -48.3244  80.9543
143.981  -48.3254  80.9648
143.98  -48.3254  80.9641
143.993  -48.3219  80.9787
143.992  -48.3215  80.9788
143.973  -48.3178  80.947
143.98  -48.3166  80.9559
143.98  -48.3162  80.9547
143.983  -48.319  80.9625
143.976  -48.3166  80.9599
143.95  -48.3208  80.9262
143.949  -48.3212  80.9238
143.965  -48.3171  80.9404
143.965  -48.3169  80.9401
143.977  -48.3187  80.9518
143.981  -48.3233  80.9637
143.981  -48.3236  80.9636
143.986  -48.323  80.973
143.984  -48.3184  80.9706
143.963  -48.3201  80.9432
143.963  -48.3202  80.9421
143.953  -48.319  80.9238
143.964  -48.3176  80.9375
143.974  -48.3154  80.9493
143.974  -48.3148  80.9487
143.986  -48.3175  80.9632
143.994  -48.3215  80.976
143.995  -48.3208  80.9767
144.004  -48.3248  80.9902
144.01  -48.3257  81.0025
144.01  -48.3257  81.0025
144.02  -48.3246  81.0132
144.022  -48.3247  81.0162
144.022  -48.3269  81.011
143.995  -48.3291  80.9816
143.995  -48.3296  80.9824
144.008  -48.3284  80.9951
144.016  -48.3268  81.0083
144.019  -48.3258  81.0109
144.031  -48.327  81.0214
144.035  -48.3272  81.0284
144.038  -48.3266  81.0311
144.012  -48.3261  80.9937
143.982  -48.3241  80.9548
143.983  -48.3243  80.9536
143.987  -48.3188  80.963
143.972  -48.3176  80.9425
143.972  -48.3163  80.941
143.955  -48.3172  80.9222
143.954  -48.3166  80.9202
143.959  -48.3126  80.9314
143.968  -48.3116  80.9431
143.967  -48.3098  80.9426
143.974  -48.3168  80.9557
143.978  -48.3169  80.9667
143.978  -48.3161  80.9673
143.987  -48.3134  80.971
143.969  -48.3157  80.9467
143.976  -48.3182  80.954
143.975  -48.3178  80.9538
143.986  -48.3213  80.9694
143.971  -48.3231  80.9479
143.971  -48.3236  80.9474
143.975  -48.3182  80.9488
143.985  -48.3173  80.9627
143.985  -48.3168  80.9631
143.969  -48.3181  80.9413
143.977  -48.3185  80.9542
143.976  -48.3185  80.954
143.958  -48.3189  80.9305
143.966  -48.3187  80.9443
143.964  -48.3186  80.9438
143.974  -48.3184  80.9563
143.954  -48.3214  80.9282
143.953  -48.3218  80.9266
143.961  -48.3204  80.9396
143.96  -48.3203  80.9389
143.948  -48.3179  80.9225
143.95  -48.3184  80.9263
143.96  -48.3196  80.9377
143.967  -48.3228  80.9504
143.967  -48.3232  80.9498
143.979  -48.3207  80.9657
143.995  -48.3244  80.9784
143.996  -48.3245  80.9788
144  -48.3273  80.9901
143.984  -48.3295  80.9643
143.984  -48.3307  80.9644
143.968  -48.3262  80.9413
143.968  -48.3269  80.9403
143.983  -48.326  80.9541
143.994  -48.3253  80.9704
143.995  -48.3254  80.9705
143.977  -48.3232  80.9454
143.952  -48.3222  80.9151
143.951  -48.3226  80.9125
143.962  -48.3186  80.9307
143.96  -48.3096  80.9329
143.968  -48.3157  80.9432
143.967  -48.3152  80.9422
143.971  -48.3205  80.9559
143.976  -48.3232  80.9629
143.984  -48.3236  80.9733
143.991  -48.3232  80.9821
144.006  -48.3268  80.9971
144.016  -48.3291  81.0099
144.017  -48.3298  81.0124
143.996  -48.3309  80.9786
144.005  -48.3286  80.9888
144.006  -48.3291  80.9895
143.988  -48.3256  80.9625
143.995  -48.3255  80.9727
143.997  -48.3276  80.9815
143.999  -48.3289  80.9871
144.006  -48.3266  80.9991
143.982  -48.3257  80.9613
143.987  -48.324  80.967
143.991  -48.3231  80.9702
143.997  -48.3226  80.9767
144.007  -48.3231  80.987
144.007  -48.3231  80.987
144.01  -48.323  80.9911
144.016  -48.3244  80.9989
143.99  -48.3247  80.9665
143.995  -48.3256  80.9735
143.995  -48.3263  80.9743
143.997  -48.3282  80.9839
144.006  -48.3269  80.9975
144.007  -48.3276  80.9995
143.985  -48.3317  80.9678
143.972  -48.3319  80.9543
143.954  -48.3315  80.9361
143.968  -48.3253  80.9464
143.976  -48.3209  80.955
143.975  -48.3197  80.9544
143.983  -48.3224  80.9632
143.965  -48.3232  80.9421
143.964  -48.3229  80.941
143.979  -48.3186  80.957
143.963  -48.315  80.9315
143.962  -48.3134  80.9297
143.974  -48.317  80.9489
143.956  -48.3216  80.9334
143.945  -48.3183  80.9157
143.942  -48.3179  80.9137
143.933  -48.3133  80.9002
143.943  -48.3146  80.9153
143.941  -48.3141  80.9129
143.955  -48.3149  80.9336
143.972  -48.3139  80.9505
143.98  -48.3186  80.9595
143.98  -48.318  80.9596
144.004  -48.327  80.9951
144.005  -48.3275  80.9969
144.013  -48.327  81.0059
144.015  -48.3273  81.008
143.986  -48.3313  80.9677
143.971  -48.3275  80.9487
143.985  -48.3214  80.9603
143.985  -48.3211  80.9599
143.968  -48.3198  80.9358
143.95  -48.3208  80.9149
143.932  -48.3215  80.8972
143.928  -48.3226  80.8934
143.938  -48.3186  80.9122
143.95  -48.3169  80.928
143.965  -48.3206  80.9466
143.97  -48.3193  80.9557
143.975  -48.3182  80.9636
143.987  -48.3181  80.9746
143.965  -48.3225  80.9464
143.965  -48.3231  80.9469
143.977  -48.3192  80.9553
143.958  -48.3232  80.9326
143.958  -48.3238  80.9318
143.967  -48.32  80.9449
143.967  -48.3201  80.9448
143.977  -48.3208  80.9565
143.988  -48.3211  80.9722
143.99  -48.321  80.9734
144.007  -48.328  80.9919
144.015  -48.3282  81.0044
144.018  -48.329  81.0073
144.028  -48.3262  81.0158
144.035  -48.3254  81.0243
144.038  -48.3249  81.0281
144.044  -48.3274  81.0381
144.049  -48.3289  81.0411
144.053  -48.3292  81.0452
144.055  -48.3319  81.0473
144.061  -48.3335  81.0532
144.068  -48.3311  81.0614
144.071  -48.3307  81.0629
144.074  -48.3306  81.0652
144.078  -48.3322  81.071
144.082  -48.3345  81.0776
144.086  -48.3355  81.0818
144.043  -48.3338  81.0266
144.044  -48.3336  81.0328
144.046  -48.3343  81.0342
144.05  -48.3329  81.0417
144.061  -48.3322  81.0514
144.065  -48.3305  81.0547
144.05  -48.3319  81.0472
144.059  -48.3307  81.0501
144.03  -48.3278  81.0102
144.035  -48.3263  81.016
144.036  -48.3262  81.0164
144.036  -48.3247  81.0216
144.037  -48.3244  81.0223
144.009  -48.3229  80.9847
143.986  -48.3255  80.9575
143.985  -48.3264  80.9551
143.987  -48.325  80.9677
143.982  -48.3189  80.9686
143.979  -48.318  80.9678
143.98  -48.3223  80.9736
143.984  -48.3245  80.9802
143.982  -48.3245  80.9803
143.984  -48.3223  80.9823
143.997  -48.3206  80.9893
144.013  -48.3176  81.004
144.018  -48.3184  81.0094
144.018  -48.3175  81.0099
143.995  -48.3205  80.974
144  -48.3211  80.9812
144  -48.3212  80.9805
144.003  -48.3225  80.9895
144.005  -48.3256  80.9967
144.004  -48.3254  80.9967
144.007  -48.3261  81.0034
144.014  -48.3294  81.0145
144.013  -48.3295  81.0152
144.019  -48.327  81.0226
144.02  -48.3276  81.0239
144.02  -48.3282  81.025
144.024  -48.3311  81.032
144.023  -48.3309  81.0334
143.997  -48.3291  80.9927
144.005  -48.3239  80.9981
144.004  -48.3225  80.9977
143.962  -48.318  80.9403
143.971  -48.3155  80.9521
143.969  -48.3145  80.9503
143.979  -48.3179  80.9625
143.985  -48.3209  80.9757
143.994  -48.3188  80.9832
143.994  -48.3181  80.9826
143.975  -48.322  80.9542
143.98  -48.3255  80.9643
143.979  -48.3255  80.9633
143.985  -48.3245  80.9739
143.987  -48.3235  80.976
143.994  -48.3208  80.982
143.975  -48.3194  80.9537
143.974  -48.3191  80.9521
143.979  -48.3204  80.9608
143.991  -48.3249  80.9756
143.989  -48.3266  80.9768
143.967  -48.3307  80.9464
143.98  -48.3268  80.9617
143.979  -48.3276  80.9604
143.974  -48.3234  80.9547
143.972  -48.323  80.9538
143.957  -48.3219  80.9389
143.941  -48.3188  80.9153
143.938  -48.3186  80.9125
143.95  -48.3183  80.93
143.958  -48.3169  80.9396
143.956  -48.3159  80.9378
143.949  -48.3202  80.9222
143.959  -48.3223  80.9404
143.958  -48.3217  80.9398
143.968  -48.3194  80.9528
143.958  -48.3202  80.9375
143.953  -48.321  80.9314
143.943  -48.3218  80.9174
143.943  -48.3213  80.9138
143.955  -48.3161  80.9293
143.965  -48.3134  80.9414
143.951  -48.3212  80.9315
143.94  -48.3217  80.916
143.954  -48.3196  80.9328
143.967  -48.3162  80.9466
143.966  -48.3162  80.9464
143.983  -48.3176  80.9625
143.983  -48.3173  80.9627
143.995  -48.3186  80.9781
144.005  -48.3195  80.9885
144.007  -48.3192  80.9899
144.016  -48.3251  80.9998
144.021  -48.3261  81.0107
144.024  -48.3262  81.0131
144.027  -48.3286  81.0168
144.028  -48.331  81.0221
144.033  -48.3322  81.027
144.04  -48.3328  81.0363
144.018  -48.3318  81.0015
144.02  -48.333  81.0024
143.999  -48.3373  80.9773
143.975  -48.3315  80.9483
143.988  -48.3193  80.9676
143.988  -48.3189  80.9678
143.997  -48.3222  80.9805
143.992  -48.3237  80.9836
144.003  -48.3284  80.9973
144.011  -48.3273  81.0077
144.011  -48.3273  81.0093
144.019  -48.3275  81.0127
144.026  -48.3265  81.0232
144.026  -48.3265  81.0232
144.032  -48.3298  81.0302
144.031  -48.3325  81.0315
144.033  -48.3341  81.0345
144.033  -48.3324  81.0362
144.039  -48.332  81.0376
144.042  -48.3309  81.044
144.05  -48.3304  81.0497
144.051  -48.3311  81.0528
144.055  -48.3343  81.0574
144.047  -48.332  81.0503
144.054  -48.3323  81.0546
144.019  -48.3333  81.0056
144.022  -48.3343  81.0044
144.021  -48.3256  81.0058
144.021  -48.3266  81.0068
144.021  -48.3268  81.0068
144.018  -48.3321  81.0147
144.016  -48.3317  81.0177
144.017  -48.333  81.0182
144.024  -48.3308  81.0278
144.032  -48.3271  81.0319
144.034  -48.3269  81.0321
144.036  -48.3258  81.0331
144.039  -48.328  81.0377
144.042  -48.3269  81.0389
144.043  -48.3262  81.0396
144.045  -48.3232  81.039
144.046  -48.3224  81.0392
144.01  -48.3235  80.9901
143.986  -48.3249  80.9611
144.001  -48.3181  80.9843
144.001  -48.3174  80.9831
144.007  -48.3191  80.9928
144.008  -48.3193  80.9964
144.008  -48.3186  80.9955
144.009  -48.3234  80.9965
143.98  -48.3256  80.9649
143.982  -48.326  80.9647
143.988  -48.3261  80.9726
143.991  -48.3262  80.9805
143.998  -48.3205  80.9865
143.997  -48.3199  80.9852
144.006  -48.3222  80.9962
143.982  -48.3248  80.9666
143.979  -48.326  80.9639
143.984  -48.3265  80.9709
143.973  -48.3265  80.9585
143.958  -48.3267  80.9416
143.964  -48.3203  80.9486
143.974  -48.3197  80.9578
143.963  -48.3219  80.942
143.971  -48.3209  80.9529
143.977  -48.3215  80.9648
143.96  -48.3196  80.9417
143.956  -48.3188  80.9353
143.959  -48.3113  80.9377
143.969  -48.3131  80.949
143.968  -48.3117  80.9474
143.973  -48.3142  80.9627
143.982  -48.3148  80.9697
143.982  -48.3139  80.9694
143.992  -48.3171  80.9828
143.981  -48.3091  80.976
143.98  -48.3072  80.9745
143.961  -48.3125  80.9404
143.976  -48.3135  80.9578
143.975  -48.3131  80.9566
143.987  -48.3131  80.9691
143.982  -48.321  80.9674
143.991  -48.3246  80.9771
143.993  -48.3235  80.9828
143.993  -48.324  80.9829
143.971  -48.3248  80.9515
143.969  -48.3252  80.9504
143.969  -48.3234  80.9531
143.978  -48.3201  80.9642
143.978  -48.3198  80.9639
143.991  -48.3227  80.9785
143.999  -48.3214  80.9884
144.004  -48.3202  80.9897
144.01  -48.3199  80.9958
144.019  -48.3196  81.0075
144.021  -48.319  81.009
144.028  -48.3203  81.0151
144.005  -48.3265  80.9857
144.006  -48.3273  80.9856
144.014  -48.3243  80.9976
143.998  -48.326  80.9861
144.001  -48.326  80.9905
144.009  -48.3256  80.9995
144.013  -48.3254  81.0045
144.019  -48.3217  81.008
144.026  -48.3218  81.0155
144.028  -48.3214  81.017
144.03  -48.3238  81.0231
144.032  -48.3235  81.0253
143.998  -48.3241  80.9838
144.006  -48.3237  80.9946
144.007  -48.3242  80.9957
144.014  -48.3261  81.0068
144.014  -48.3262  81.007
144.017  -48.324  81.0135
144.024  -48.3253  81.0213
144.028  -48.325  81.0254
144.032  -48.3248  81.0313
144.038  -48.3253  81.0379
144.041  -48.3249  81.041
144.042  -48.3248  81.0408
144.053  -48.3274  81.055
144.054  -48.329  81.0572
144.058  -48.3296  81.061
144.06  -48.33  81.0634
144.066  -48.3334  81.0687
144.064  -48.3383  81.0707
144.066  -48.34  81.0737
144.064  -48.34  81.0725
144.063  -48.3373  81.0711
144.065  -48.3384  81.0737
144.07  -48.3359  81.0743
144.065  -48.3296  81.0663
144.067  -48.329  81.0683
144.067  -48.3276  81.068
144.011  -48.3226  81.0021
144.009  -48.3221  81.0008
144.007  -48.3225  81.0016
143.984  -48.3238  80.9714
143.998  -48.3217  80.9915
143.997  -48.3209  80.9912
144.006  -48.3187  80.9958
144.003  -48.3218  81.0005
144.01  -48.3263  81.0058
144.014  -48.3317  81.0166
144.013  -48.3325  81.0173
143.983  -48.3318  80.9749
143.992  -48.3247  80.9855
143.991  -48.3238  80.9843
143.968  -48.3225  80.951
143.969  -48.3202  80.9559
143.967  -48.3191  80.9533
143.977  -48.3155  80.961
143.98  -48.317  80.9657
143.984  -48.3177  80.9679
143.952  -48.3217  80.933
143.95  -48.3219  80.9304
143.962  -48.3215  80.9452
143.946  -48.321  80.9246
143.943  -48.3206  80.9208
143.956  -48.3149  80.9349
143.93  -48.3181  80.9038
143.944  -48.3132  80.9175
143.942  -48.3124  80.9145
143.929  -48.3134  80.8966
143.938  -48.3138  80.9106
143.935  -48.3134  80.9077
143.947  -48.3135  80.9264
143.958  -48.3166  80.9436
143.957  -48.3158  80.9423
143.938  -48.3198  80.9181
143.93  -48.3064  80.9148
143.927  -48.3032  80.9122
143.943  -48.3049  80.9241
143.952  -48.3069  80.9343
143.951  -48.3053  80.9331
143.933  -48.3123  80.908
143.94  -48.3107  80.9186
143.941  -48.31  80.9198
143.954  -48.3105  80.9291
143.955  -48.3095  80.9282
143.938  -48.3112  80.9078
143.927  -48.3122  80.8969
143.938  -48.3104  80.9122
143.937  -48.3101  80.9111
143.924  -48.3126  80.8915
143.931  -48.3116  80.9035
143.93  -48.3111  80.9024
143.949  -48.3134  80.9264
143.94  -48.3144  80.913
143.94  -48.3146  80.9121
143.956  -48.3177  80.9301
143.959  -48.3222  80.9424
143.964  -48.3223  80.9502
143.971  -48.3214  80.9624
143.99  -48.3169  80.9776
143.999  -48.3159  80.989
144.001  -48.3144  80.9922
143.977  -48.3197  80.9568
144.001  -48.3158  80.9915
144.01  -48.3171  81.0011
143.987  -48.3194  80.9698
143.988  -48.3195  80.971
143.967  -48.3214  80.941
143.973  -48.3195  80.9561
143.972  -48.3193  80.9569
143.94  -48.3117  80.9173
143.938  -48.3109  80.916
143.949  -48.3133  80.934
143.941  -48.3145  80.9221
143.938  -48.3147  80.921
143.956  -48.3107  80.9348
143.969  -48.3154  80.9533
143.969  -48.3154  80.9533
143.953  -48.3201  80.9361
143.944  -48.3171  80.9211
143.942  -48.3172  80.9197
143.951  -48.3203  80.936
143.941  -48.3189  80.9179
143.94  -48.3201  80.9166
143.953  -48.3182  80.9353
143.966  -48.3179  80.9514
143.966  -48.3177  80.9526
143.955  -48.3223  80.9347
143.956  -48.314  80.9385
143.956  -48.3134  80.9388
143.973  -48.3161  80.9567
143.961  -48.3203  80.9396
143.956  -48.3197  80.933
143.952  -48.3196  80.9289
143.965  -48.3178  80.943
143.965  -48.3175  80.9431
143.954  -48.3171  80.9273
143.97  -48.315  80.9457
143.97  -48.3142  80.9459
143.979  -48.312  80.9554
143.98  -48.3116  80.9558
143.963  -48.3148  80.9344
143.996  -48.3229  80.9853
144.006  -48.3207  80.9952
144.013  -48.3203  80.9981
144.015  -48.3197  81.0006
143.992  -48.3258  80.971
143.992  -48.3227  80.9769
143.992  -48.3235  80.9789
144  -48.3234  80.9901
143.984  -48.328  80.9676
143.984  -48.3282  80.9689
143.977  -48.322  80.966
143.987  -48.3219  80.9799
143.987  -48.3217  80.9818
144.002  -48.3224  80.9928
143.982  -48.3236  80.9663
143.989  -48.321  80.9732
143.992  -48.3188  80.9763
144.018  -48.3195  81.0077
144.02  -48.3186  81.01
144.028  -48.3188  81.0161
144.034  -48.3209  81.0207
144.037  -48.3212  81.0229
144.041  -48.327  81.0286
144.04  -48.3339  81.0316
144.042  -48.3357  81.034
144.04  -48.3377  81.038
144.042  -48.3369  81.0405
144.045  -48.3359  81.0431
144.049  -48.3339  81.0468
144.049  -48.335  81.0409
144.054  -48.3369  81.0443
144.019  -48.3359  81.0063
144.026  -48.332  81.0138
144.028  -48.3326  81.0156
144.035  -48.3319  81.0243
144.036  -48.332  81.0254
144.034  -48.3292  81.0203
144.036  -48.3318  81.0268
144.023  -48.3236  81.0163
144.007  -48.3176  81.0047
143.983  -48.3246  80.9699
143.982  -48.3247  80.9693
143.986  -48.3238  80.9778
143.999  -48.323  80.9891
143.999  -48.3235  80.9897
144.007  -48.3222  80.9957
143.981  -48.3269  80.9617
143.98  -48.3284  80.9599
143.987  -48.3246  80.9686
143.967  -48.3261  80.9432
143.965  -48.3271  80.9407
143.974  -48.3211  80.955
143.984  -48.3206  80.9654
143.982  -48.3198  80.9644
143.988  -48.3191  80.974
143.971  -48.319  80.9499
143.964  -48.3193  80.9409
143.989  -48.3227  80.9752
143.993  -48.3242  80.989
143.98  -48.3274  80.9646
143.978  -48.3285  80.9638
143.983  -48.3239  80.97
143.983  -48.3238  80.9708
143.988  -48.3225  80.976
143.992  -48.3188  80.9838
144.003  -48.3219  80.9942
144.003  -48.3215  80.995
144.005  -48.3276  81.0005
144.011  -48.3259  81.0104
144.012  -48.3265  81.0123
144.019  -48.324  81.0129
143.993  -48.3269  80.9777
143.993  -48.3274  80.9779
144.001  -48.3238  80.9853
144.007  -48.3228  80.9967
144.007  -48.3228  80.9967
143.962  -48.3203  80.9338
143.971  -48.32  80.947
143.972  -48.3197  80.9478
143.981  -48.3184  80.961
143.963  -48.3176  80.9377
143.973  -48.3162  80.9513
143.972  -48.3156  80.9495
143.979  -48.3156  80.9619
143.977  -48.3146  80.961
143.983  -48.3148  80.974
143.984  -48.3117  80.9719
143.992  -48.316  80.9809
143.994  -48.3168  80.983
143.979  -48.3105  80.9707
143.946  -48.3048  80.9268
143.944  -48.3034  80.9247
143.957  -48.3099  80.9374
143.964  -48.3124  80.9495
143.964  -48.3122  80.9488
143.978  -48.3147  80.9627
143.989  -48.3168  80.9738
143.994  -48.3172  80.9797
144.001  -48.3174  80.9862
144.008  -48.3241  80.9963
144.01  -48.3253  80.9975
143.983  -48.3265  80.9647
143.993  -48.3206  80.9728
143.995  -48.3212  80.9728
143.998  -48.3205  80.9763
144.004  -48.3205  80.9867
144.005  -48.3206  80.987
144.015  -48.3217  81.0002
143.984  -48.3241  80.9625
143.992  -48.3232  80.9769
143.992  -48.3235  80.9777
143.999  -48.3202  80.989
144.009  -48.3201  81
144.011  -48.3198  81.0025
143.988  -48.3157  80.972
143.989  -48.3149  80.9734
143.972  -48.3174  80.949
143.981  -48.3185  80.9609
143.981  -48.3178  80.961
143.993  -48.3167  80.9778
143.994  -48.3162  80.9792
143.998  -48.319  80.9858
144.007  -48.3268  81.0024
144.008  -48.3278  81.0047
144.012  -48.3291  81.0111
144.019  -48.3265  81.0194
144.021  -48.3266  81.0224
144.001  -48.3254  80.9874
144  -48.3241  80.9819
143.979  -48.3239  80.9527
143.991  -48.3199  80.9663
143.997  -48.3159  80.9741
143.999  -48.3152  80.9738
143.981  -48.3176  80.9499
143.989  -48.3223  80.9659
143.994  -48.3261  80.99
143.98  -48.3305  80.9641
143.986  -48.3277  80.9757
143.984  -48.328  80.9757
143.987  -48.3238  80.9769
143.994  -48.3227  80.985
143.999  -48.3214  80.9919
143.967  -48.3242  80.9492
143.965  -48.3241  80.9475
143.942  -48.326  80.9233
143.954  -48.3212  80.9398
143.969  -48.3201  80.9566
143.968  -48.3194  80.9561
143.982  -48.3223  80.9705
143.992  -48.3198  80.9811
144.003  -48.3224  80.9917
144.006  -48.321  80.9934
143.969  -48.3186  80.9529
143.952  -48.3142  80.9288
143.951  -48.3137  80.9268
143.939  -48.3142  80.912
143.951  -48.3128  80.929
143.963  -48.3106  80.9419
143.962  -48.3096  80.9415
143.948  -48.314  80.9206
143.954  -48.3161  80.9348
143.953  -48.3165  80.9352
143.965  -48.3161  80.9508
143.977  -48.3133  80.962
143.992  -48.314  80.9773
143.994  -48.3128  80.9798
144.005  -48.3127  80.9905
144.015  -48.3181  81.0015
144.017  -48.3206  81.0109
144.019  -48.3205  81.0137
143.996  -48.3252  80.9775
144.013  -48.3184  81.0065
144.021  -48.3185  81.0152
144.022  -48.3181  81.0177
144.028  -48.3247  81.0217
144.024  -48.331  81.0251
144.029  -48.3324  81.0318
144.032  -48.3348  81.0348
144.041  -48.3329  81.0429
144.048  -48.3335  81.0445
144.016  -48.3321  81.0031
144.021  -48.3322  81.0094
144.021  -48.334  81.0081
144.024  -48.33  81.0139
144.032  -48.3311  81.0217
144.035  -48.332  81.0235
144.031  -48.3272  81.0256
144.011  -48.3256  80.9948
144.014  -48.3269  80.995
143.96  -48.3184  80.9332
143.959  -48.3185  80.9313
143.969  -48.3155  80.945
143.976  -48.3133  80.9544
143.952  -48.315  80.9235
143.95  -48.3153  80.9212
143.954  -48.3145  80.9298
143.965  -48.3123  80.9456
143.968  -48.3112  80.9469
143.978  -48.3109  80.9593
143.991  -48.3185  80.9743
143.982  -48.3196  80.9712
143.964  -48.3217  80.948
143.952  -48.3165  80.9268
143.966  -48.3177  80.9433
143.966  -48.3173  80.9421
143.951  -48.3184  80.9261
143.941  -48.3181  80.913
143.987  -48.3205  80.9687
143.99  -48.3195  80.9718
144  -48.32  80.9844
143.977  -48.3222  80.9522
143.978  -48.3229  80.9517
143.989  -48.3204  80.9678
143.999  -48.3184  80.9815
143.991  -48.3169  80.9782
143.993  -48.3164  80.9801
143.997  -48.3229  80.9937
143.992  -48.3147  80.9881
143.975  -48.3167  80.9596
143.974  -48.3158  80.9601
143.961  -48.3148  80.9389
143.965  -48.3175  80.9477
143.965  -48.3189  80.9475
143.977  -48.3212  80.9648
143.979  -48.3229  80.9613
143.964  -48.3273  80.9432
143.963  -48.3277  80.9422
143.95  -48.3273  80.9255
143.956  -48.3279  80.9372
143.945  -48.3275  80.9249
143.945  -48.329  80.9236
143.935  -48.3253  80.9097
143.948  -48.3197  80.9246
143.946  -48.3191  80.9229
143.935  -48.3173  80.9066
143.943  -48.317  80.9161
143.954  -48.3138  80.9329
143.953  -48.3118  80.9316
143.969  -48.3111  80.9483
143.964  -48.3113  80.9503
143.95  -48.3211  80.9252
143.956  -48.3247  80.9411
143.961  -48.3232  80.9526
143.971  -48.3172  80.9558
143.983  -48.3208  80.9685
143.987  -48.3192  80.9776
143.988  -48.3184  80.9786
144.001  -48.3182  80.9911
144.003  -48.3174  80.9928
144.013  -48.3187  81.0044
144.021  -48.3203  81.0113
144.028  -48.3222  81.0201
144.03  -48.3226  81.0229
144.012  -48.3291  80.9984
144.012  -48.3304  80.9993
144.019  -48.3318  81.009
143.986  -48.3381  80.9734
143.984  -48.3386  80.9671
143.989  -48.3322  80.9805
143.995  -48.3295  80.9834
144.001  -48.3248  80.9941
144.028  -48.3327  81.0229
144.029  -48.331  81.0243
144.037  -48.3299  81.0347
143.998  -48.3221  80.9851
143.997  -48.3229  80.9858
144.007  -48.3241  80.9959
144.012  -48.3254  81.0032
144.012  -48.3241  81.004
144.016  -48.3226  81.0074
143.99  -48.3201  80.9695
143.992  -48.3206  80.9686
144.001  -48.3197  80.9772
143.98  -48.3222  80.9512
143.962  -48.3198  80.9312
143.954  -48.3192  80.9205
143.942  -48.3174  80.9056
143.933  -48.3191  80.897
143.963  -48.3134  80.9422
143.977  -48.3177  80.9601
143.985  -48.3212  80.9742
143.987  -48.3212  80.9765
144.001  -48.3221  80.992
144.005  -48.3208  81.0005
143.986  -48.3214  80.9695
143.986  -48.3227  80.9702
143.969  -48.3227  80.9496
143.977  -48.3208  80.9563
143.979  -48.3193  80.9563
143.989  -48.3195  80.9699
144  -48.3177  80.9804
144.001  -48.3178  80.9809
144.008  -48.3217  80.9919
143.989  -48.324  80.9717
143.983  -48.3262  80.9658
143.991  -48.3262  80.9796
144  -48.3265  80.9896
144.027  -48.3211  81.0158
144.02  -48.3165  81.0155
144.021  -48.316  81.0174
144.027  -48.3191  81.0212
144.002  -48.3239  80.986
144.003  -48.3237  80.9867
144.007  -48.3239  80.9928
143.99  -48.3288  80.9674
143.992  -48.3301  80.967
143.973  -48.3304  80.9461
143.978  -48.33  80.9574
143.976  -48.3321  80.9563
143.96  -48.3283  80.939
143.971  -48.3253  80.9522
143.969  -48.3257  80.9512
143.976  -48.3223  80.9628
143.979  -48.3216  80.9645
143.984  -48.3194  80.9668
144.01  -48.3259  80.9987
144.011  -48.3258  81.0036
144.011  -48.3262  81.0053
144.018  -48.3233  81.0117
144.03  -48.3225  81.0204
144.034  -48.3216  81.0257
144.037  -48.3209  81.0271
144.04  -48.3254  81.0312
144.043  -48.3256  81.0328
144.008  -48.3284  80.9922
143.988  -48.3258  80.9658
143.987  -48.3269  80.9645
143.998  -48.3235  80.9785
144.004  -48.3209  80.9876
144.005  -48.3199  80.9876
144.006  -48.3197  80.9909
144.012  -48.3246  81.0007
144.012  -48.3255  81.0015
143.986  -48.3296  80.9718
143.992  -48.3267  80.9797
143.991  -48.3271  80.9801
143.955  -48.324  80.9318
143.965  -48.3201  80.9457
143.953  -48.321  80.9273
143.95  -48.3216  80.925
143.956  -48.3178  80.9357
143.966  -48.3149  80.9481
143.952  -48.314  80.9265
143.949  -48.313  80.9239
143.938  -48.3159  80.908
143.928  -48.3158  80.897
143.925  -48.3149  80.8933
143.939  -48.3109  80.9097
143.937  -48.3099  80.907
143.952  -48.3094  80.9256
143.966  -48.3101  80.9418
143.951  -48.3157  80.9193
143.962  -48.3164  80.9357
143.96  -48.3157  80.9335
143.971  -48.3163  80.9505
143.97  -48.3158  80.9498
143.962  -48.3106  80.949
143.974  -48.3134  80.961
143.973  -48.3125  80.9607
143.954  -48.3187  80.9333
143.954  -48.3189  80.9328
143.961  -48.3172  80.9444
143.977  -48.3193  80.9581
143.959  -48.3186  80.9379
143.957  -48.3193  80.9355
143.929  -48.3077  80.9025
143.922  -48.3109  80.8896
143.919  -48.3106  80.8856
143.902  -48.3091  80.8611
143.923  -48.3111  80.8798
143.934  -48.3091  80.8754
143.974  -48.3084  80.8895
144.157  -48.2803  80.9453
144.174  -48.2769  80.9443
144.201  -48.278  80.956
144.23  -48.2749  80.9703
144.254  -48.2695  80.974
144.275  -48.2596  80.9883
144.253  -48.2505  80.95
144.251  -48.2377  80.9479
144.225  -48.2449  80.9221
144.229  -48.2444  80.9336
144.255  -48.2408  80.9555
144.283  -48.2254  80.9615
144.319  -48.1953  80.9785
144.373  -48.1603  80.9949
144.42  -48.1263  80.9913
144.415  -48.1255  80.9883
144.372  -48.0939  80.9672
144.171  -48.0128  81.0107
144.171  -48.0128  81.0107
144.019  -47.9109  81.1091
143.796  -47.7363  81.2567
143.586  -47.5436  81.4109
143.457  -47.4135  81.5727
143.271  -47.2471  81.79
142.072  -46.4086  83.2277
141.699  -46.1579  83.628
141.281  -45.8983  83.9487
140.918  -45.6352  84.3421
140.585  -45.3944  84.6896
140.167  -45.0915  85.1089
139.829  -44.833  85.4725
139.478  -44.5689  85.7999
139.12  -44.2923  86.1415
138.751  -44.0085  86.4673
138.29  -43.6679  86.8641
137.939  -43.4197  87.1731
137.575  -43.1724  87.4794
137.212  -42.9379  87.7762
136.769  -42.6874  88.0325
136.384  -42.449  88.3207
135.954  -42.1765  88.6329
135.571  -41.947  88.8868
135.136  -41.716  89.0912
134.669  -41.4502  89.3388
132.313  -40.2241  90.4579
131.885  -40.0086  90.6119
131.376  -39.739  90.8182
130.91  -39.4937  91.0009
130.377  -39.1894  91.2158
129.927  -38.934  91.3956
129.552  -38.7134  91.5132
129.065  -38.4281  91.6795
128.651  -38.1802  91.7953
128.196  -37.9059  91.9118
127.582  -37.5339  92.0596
127.167  -37.2852  92.1595
126.648  -36.9856  92.2573
126.181  -36.7369  92.3038
125.777  -36.5137  92.368
125.403  -36.3081  92.4276
124.936  -36.0555  92.4721
124.538  -35.8468  92.5095
124.086  -35.6267  92.5359
121.027  -34.1195  92.5029
120.589  -33.9028  92.4597
120.33  -33.7726  92.4209
120.025  -33.6171  92.3827
119.662  -33.4261  92.3239
119.287  -33.2223  92.2585
119.057  -33.1021  92.2774
118.81  -32.9574  92.2346
118.463  -32.7385  92.16
118.216  -32.5837  92.0664
118.019  -32.4619  92.0297
117.776  -32.3188  91.965
117.574  -32.1967  91.9267
117.322  -32.0687  91.8685
117.106  -31.9492  91.8449
116.906  -31.8408  91.8181
115.338  -30.667  91.6706
115.211  -30.5376  91.6676
115.128  -30.4478  91.6737
115.006  -30.333  91.67
114.864  -30.2147  91.6654
114.767  -30.0992  91.681
114.667  -29.97  91.6905
114.575  -29.8463  91.69
114.465  -29.6999  91.6799
113.274  -26.8782  91.1787
113.236  -26.6174  91.1144
113.296  -26.5154  91.1691
113.268  -26.2736  91.0831
113.261  -26.1034  91.0303
113.278  -26.0926  91.0194
113.288  -26.0769  91.0035
113.298  -25.8857  90.9408
113.304  -25.8844  90.9388
113.962  -23.3203  90.3843
114.081  -23.0332  90.3791
114.124  -22.8799  90.3654
114.182  -22.7613  90.3769
114.211  -22.6328  90.3579
114.286  -22.445  90.3775
114.29  -22.4379  90.3778
114.347  -22.3027  90.3747
114.356  -22.2551  90.3671
114.851  -20.8839  90.269
114.886  -20.6728  90.2337
114.908  -20.5996  90.2282
114.91  -20.524  90.2219
114.93  -20.457  90.2149
114.944  -20.3887  90.2101
114.934  -20.2988  90.1187
114.923  -20.3621  90.1209
114.897  -20.4008  90.1106
114.853  -20.4477  90.0926
114.345  -22.6251  90.0009
114.308  -22.9615  90.0272
114.302  -23.006  90.0281
113.907  -25.5306  90.2085
113.915  -25.8973  90.2802
113.926  -26.0001  90.3078
114.153  -27.179  90.513
114.163  -27.1599  90.5373
114.159  -27.184  90.5307
114.162  -27.1654  90.533
113.711  -27.5883  90.6873
113.583  -27.6585  90.7104
113.524  -27.7055  90.7204
112.23  -28.6621  90.8051
112.023  -28.7853  90.7846
111.921  -28.8637  90.78
111.805  -28.9711  90.7848
111.696  -29.0666  90.7979
109.771  -30.2399  91.1454
109.429  -30.3851  91.1877
109.294  -30.4468  91.2016
109.07  -30.5201  91.2018
107.364  -31.1143  90.9911
107.098  -31.2268  90.9498
106.985  -31.275  90.9426
106.875  -31.334  90.9392
106.631  -31.8088  90.9722
106.762  -31.8348  90.9965
106.831  -31.847  91.0146
106.944  -31.8571  91.0341
107.126  -31.8841  91.062
110.681  -31.571  91.0265
111.311  -31.3977  90.9844
111.419  -31.3688  90.9734
111.735  -31.3072  90.9579
115.142  -31.1262  90.8941
115.622  -31.1799  90.9487
115.826  -31.1955  90.959
116.027  -31.2411  90.9944
119.928  -32.2203  91.6741
120.194  -32.3091  91.7424
120.217  -32.3137  91.7449
122.467  -32.4189  91.4724
122.794  -32.4282  91.426
122.893  -32.4289  91.419
123.046  -32.4223  91.4029
123.029  -32.4083  91.3959
123.067  -32.4028  91.4012
123.736  -32.1936  91.576
123.738  -32.1797  91.6335
123.733  -32.1326  91.6949
123.197  -31.6306  92.0265
123.164  -31.6023  92.009
123.134  -31.577  91.9942
123.147  -31.5922  91.986
123.183  -31.8671  91.7487
123.221  -31.9945  91.6894
123.229  -32.0465  91.6591
123.276  -32.1155  91.6404
123.313  -32.1659  91.623
123.359  -32.2105  91.6101
123.843  -32.3136  91.5605
123.901  -32.3101  91.5684
123.953  -32.302  91.5712
123.982  -32.2901  91.5651
124.242  -32.2242  91.5753
124.294  -32.2087  91.5808
124.348  -32.1838  91.5874
124.596  -31.8759  91.7875
124.608  -31.8385  91.8467
124.613  -31.8334  91.8737
124.614  -31.8228  91.9057
124.68  -31.8888  92.2206
124.666  -31.8766  92.2584
124.656  -31.8606  92.267
124.438  -31.6003  92.2656
124.402  -31.5717  92.2637
124.376  -31.56  92.2543
124.349  -31.5546  92.2479
124.32  -31.559  92.245
124.121  -31.5859  92.3251
124.042  -31.574  92.338
124.032  -31.5758  92.3596
124  -31.5665  92.3776
123.982  -31.5651  92.4028
123.917  -31.5493  92.4675
123.836  -31.6093  92.5883
123.833  -31.6469  92.601
123.81  -31.6577  92.5999
123.797  -31.6581  92.5927
123.861  -31.8833  92.5401
123.891  -31.9409  92.5044
123.935  -32.0237  92.4574
124.012  -32.138  92.4151
125.394  -34.8672  91.513
126.244  -36.8452  90.7771
126.376  -37.0882  90.6655
127.364  -39.2348  89.2914
127.543  -39.5146  89.16
127.592  -39.6077  89.129
127.645  -39.6798  89.1083
127.695  -39.7138  89.092
128.088  -39.2825  89.7195
128.078  -39.0443  89.9198
128.087  -38.9088  90.0506
128.031  -38.761  90.1376
128.023  -38.6445  90.2491
128  -38.3392  90.5045
127.701  -36.4749  91.9723
127.583  -36.1645  92.1656
127.538  -36.0405  92.234
127.534  -36.0293  92.2317
127.514  -35.9972  92.2397
127.493  -35.98  92.2346
127.485  -35.9768  92.2257
127.701  -37.009  91.0622
127.794  -37.5151  90.5802
127.817  -37.7689  90.3491
127.826  -37.9672  90.1643
127.84  -38.24  89.9003
127.861  -42.7996  86.6853
127.884  -43.6012  86.2452
127.906  -43.8085  86.1441
127.843  -47.3832  83.9492
127.755  -47.7854  83.6358
127.733  -47.9239  83.5461
127.708  -48.0737  83.4795
127.61  -48.3086  83.3323
127.538  -48.5247  83.2412
126.98  -49.7093  82.5484
126.8  -49.9471  82.3175
126.709  -50.074  82.1992
125.65  -50.0609  80.3144
125.397  -49.9436  79.7827
125.369  -49.9184  79.7628
125.436  -49.7301  79.6475
125.389  -49.8292  79.6601
124.999  -49.8522  79.3902
125.004  -49.8052  79.3853
125.049  -49.813  79.3484
125.116  -49.8711  79.2849
125.181  -49.8133  79.337
125.175  -49.7602  79.358
125.172  -49.7021  79.3475
125.181  -49.7154  79.3705
125.271  -49.8792  79.4191
125.245  -49.7878  79.4049
125.228  -49.7616  79.3816
125.212  -49.7415  79.3803
125.221  -49.7304  79.4044
125.255  -49.823  79.3951
125.294  -49.8587  79.4151
125.291  -49.8537  79.4206
125.301  -49.8618  79.4328
125.302  -49.8491  79.4375
125.305  -49.812  79.4694
125.316  -49.8468  79.4655
125.317  -49.8525  79.4701
125.33  -49.8347  79.4655
125.329  -49.8119  79.4658
125.326  -49.7839  79.4585
