0  -1.42109e-14  0
0  -1.42109e-14  0
-0.303407  -2.02664  2.44716
-1.70694  -1.16428  1.43393
-1.74938  -1.62854  0.689134
-2.69413  -1.40689  2.14669
-2.39402  -1.66481  0.0606909
-2.16343  -1.702  -0.198009
-2.2328  -1.92899  -0.102112
-2.29912  -1.96948  0.11066
-2.38143  -2.02105  0.302139
-2.49266  -2.13206  0.535698
-2.75302  -2.28626  0.390967
-2.62759  -2.52607  0.385998
-2.58404  -2.78102  0.396883
-2.55286  -2.83943  0.733817
-2.11075  -3.13403  1.04769
-2.4853  -1.92284  3.61499
-2.67026  -2.55606  1.96816
-2.6032  -2.81627  1.73119
-2.5802  -2.80413  1.78509
-1.88774  -3.72936  1.86674
-2.16267  -4.22106  2.39101
-1.62051  -4.82124  2.34597
-1.33677  -5.04386  2.12173
-0.911048  -5.16129  1.71529
-0.587192  -5.2735  1.63751
-0.413815  -5.13936  1.43834
-0.136865  -5.08644  1.43668
0.162798  -5.14858  1.40172
0.374487  -5.24609  1.48251
0.454348  -5.3435  1.45341
0.2287  -5.28797  1.50056
0.185633  -5.50895  1.45602
0.0299217  -5.71891  1.53968
-1.74698  -5.02611  2.89374
-0.938922  -6.13804  1.1613
-0.528259  -6.00114  1.04089
-0.561175  -5.95918  1.22409
-0.583953  -5.87636  1.13431
-0.698759  -5.86332  1.05528
-2.28582  -6.90062  0.338764
-0.676058  -5.82726  0.566601
-0.322071  -5.41532  0.879632
-0.575811  -5.27168  0.435279
-0.634809  -5.28241  0.476946
-0.530149  -5.29287  0.643313
-0.826384  -5.13417  0.457725
-0.979627  -5.22534  0.454222
-1.27013  -5.32114  -0.10644
-1.15366  -5.24538  -0.0691083
-1.09396  -5.60255  -0.0803753
-1.00928  -5.92972  -0.241516
-0.976659  -6.26919  -0.310202
-1.14206  -6.39383  -0.519556
-1.52002  -6.55083  -0.905399
-1.55383  -6.5247  -1.02826
-0.999033  -9.74428  -3.06573
-2.12988  -7.58575  -1.42408
-1.45249  -8.38981  -2.40025
-0.610877  -7.45533  -1.85761
-0.15295  -7.24558  -1.74254
-0.314884  -7.1239  -2.08878
0.00845465  -7.0621  -2.00556
-0.317384  -7.40925  -2.08148
-0.750012  -7.91848  -2.41024
-0.683159  -8.02264  -2.24099
-0.780787  -8.32399  -2.12082
-0.881617  -8.48409  -2.06866
-0.978973  -8.64719  -1.91811
-1.08254  -8.89698  -1.83355
-1.2418  -9.01444  -1.71728
-0.357198  -8.65638  -3.28503
-1.30527  -9.73384  -1.08197
-1.57353  -9.68042  -1.05141
-1.60255  -9.5279  -1.30064
-0.777612  -9.36095  -4.37677
-1.68148  -9.00642  -4.16999
-1.4901  -8.44793  -4.01241
-1.37853  -8.28237  -4.11035
-1.24256  -8.13055  -4.41971
-0.98973  -8.1958  -4.46519
-0.945246  -8.22302  -4.6112
-0.669332  -8.40315  -4.5128
-0.539591  -8.49948  -4.6929
-0.277047  -8.35437  -4.62612
-0.208017  -8.50614  -4.71757
-0.210445  -8.8292  -4.79196
-0.114665  -9.02473  -4.66427
-0.140874  -8.99652  -4.66611
-0.180978  -9.18595  -4.51213
-0.238912  -9.34835  -4.42932
-0.209681  -9.5427  -4.33908
-0.313167  -11.9592  -5.41895
-2.18712  -10.4933  -5.45541
-2.68807  -10.1533  -4.99286
-0.437222  -11.3536  -5.87145
-2.18391  -10.5214  -4.93524
-2.36249  -10.643  -4.91955
-1.97679  -10.9043  -5.01116
-1.80682  -11.1168  -5.0012
-1.53212  -11.2289  -4.97137
-1.28973  -11.1155  -4.97081
-1.25329  -11.0968  -4.91351
-1.14181  -10.989  -4.83098
-1.13362  -10.656  -4.84861
-1.5736  -10.2713  -5.39631
0  -3.55271e-15  0
-0.00844975  0.0433976  0.0407984
0.0655728  0.137324  -0.119626
0.0732775  0.0748309  -0.0087067
0.128403  0.0287476  0.0120071
0.134155  0.0368272  -0.0298887
0.289335  -0.270595  -0.054145
0.418941  -0.231889  0.684801
0.553974  -0.450142  0.494578
0.390339  -0.666265  0.429289
0.37942  -0.745117  0.430836
0.376635  -0.805855  0.567803
0.544222  -0.0951944  0.568051
0.421702  -0.756406  0.504254
0.183009  -0.957174  0.579596
0.299748  -0.966142  0.637089
0.260089  -0.994367  0.556169
0.184547  -1.07349  0.554518
0.207518  -1.06103  0.583857
0.353432  -0.922738  0.565095
0.464708  -1.00574  0.443517
0.622936  -1.07903  0.312391
0.759426  -1.22817  0.278378
0.916172  -1.23175  0.22001
1.03078  -1.54668  0.0391899
0.755416  -1.51743  -0.619208
0.959424  -1.7362  -0.607547
1.28035  -1.98546  -0.715759
-1.53157  2.38723  1.14014
3.43015  -3.40567  -2.35616
4.42486  -4.34466  -3.00319
4.98455  -5.15168  -3.86385
4.89731  -5.24047  -3.77149
5.18934  -5.52037  -3.57067
-7.57066  11.0037  1.24516
6.62528  -8.15224  -8.28944
8.60053  -9.65712  -10.0815
9.91383  -10.7852  -10.7492
30.0645  -42.7675  -22.4523
69.6209  -58.9142  -32.1763
71.5452  -58.4338  -37.7647
30.8843  -10.1597  -11.1049
-3.43316  -1.44601  -2.97784
1.03944  0.578738  -4.89136
0.641457  1.31401  -5.03897
1.7671  0.573648  -4.16386
0.602685  0.6469  -5.43239
26.7512  -8.0121  2.09898
5.5177  8.1455  -0.559098
5.64786  11.0168  -0.752781
5.83974  11.764  -0.496528
8.0099  9.45395  0.470224
8.4572  10.0616  0.686674
4.90967  1.5897  1.63493
9.76799  3.42808  4.79736
9.66401  1.78791  5.001
9.47526  1.77003  5.11855
8.9663  2.10715  3.66542
9.00289  2.05941  4.03215
9.01918  1.89266  4.40515
8.81112  1.79854  4.28335
8.94458  4.94451  0.47328
9.14361  0.526574  0.238417
9.80584  -0.644716  -1.66845
9.40024  0.0210472  -1.66371
6.69006  4.83405  5.51038
7.56732  1.05986  -1.8285
7.36487  0.843764  -3.49418
7.0263  1.29289  -3.17578
7.05452  1.24019  -3.59893
6.89387  1.44919  -2.8774
6.76324  1.62049  -2.07354
7.10591  2.76127  1.74697
7.8125  1.56112  0.658299
8.46092  0.407601  1.14859
8.6078  0.459071  1.23466
8.54241  0.31939  1.26852
8.63258  0.391061  1.24175
8.71065  0.42562  1.20401
5.92212  6.15144  1.35615
8.06545  -0.0893443  -1.09745
8.45482  -0.889566  -1.42289
7.95151  0.872456  -0.877937
7.78386  0.588341  -1.3744
7.54004  0.619822  -1.6303
8.80918  2.31971  1.6732
6.75791  0.545545  -1.51552
7.72874  1.27176  -1.12772
8.0798  1.58851  -0.796476
8.45831  1.87531  -0.98927
5.88113  -0.315174  1.57929
8.38262  4.17898  -1.13697
7.86445  5.00745  -2.54421
7.23924  4.51762  -2.32006
6.76698  4.0239  -2.13443
7.0624  2.07363  -0.773846
5.90826  1.97638  -0.881921
9.82479  1.94423  -0.610814
5.85275  1.49591  0.46317
4.83685  1.32946  1.21006
4.89863  1.46337  1.14575
4.92049  1.78002  0.579707
4.64095  1.74749  0.7438
3.48529  3.04036  -1.48343
3.89297  2.96709  -1.4205
7.63051  2.45167  -2.86327
5.89803  3.94504  -2.02927
5.6096  4.25227  -2.40788
5.54754  4.13171  -2.33957
5.68571  3.74951  -2.14866
5.41332  3.89424  -2.28039
5.36975  3.90712  -2.35654
5.08294  4.06374  -2.50357
11.2584  -0.0317956  -0.463993
5.52562  1.25508  -1.38208
4.22077  0.625724  -1.89598
3.80619  0.465548  -2.07385
4.07635  0.436914  -2.27243
8.16516  0.767035  -1.11404
5.19444  2.20806  -0.610852
3.17394  3.58572  -2.00443
2.90196  4.04376  -2.96373
3.1906  4.02171  -2.89073
3.43228  3.96263  -2.41175
4.07148  3.56967  -1.86102
4.44176  3.39173  -1.83456
4.37206  3.29909  -4.00889
7.53542  2.5511  0.605256
11.327  1.78271  3.61964
11.5385  1.69164  3.96607
12.3157  1.63772  4.92572
11.5462  1.81271  4.61422
7.81802  1.74428  0.67811
10.796  3.02633  4.8634
3.08414  -1.8651  -5.46545
11.5567  4.28954  4.41141
13.2892  6.04196  6.95754
12.8116  5.47832  6.55874
12.5883  5.19777  6.7369
12.6531  5.20179  6.53442
5.13742  -2.36749  -9.46923
12.079  2.51776  4.38506
13.9021  3.48805  6.13244
13.6954  3.38601  5.0763
13.8908  3.50974  5.01462
13.6553  3.36095  4.04212
11.2651  1.73081  -0.310577
13.6667  2.49009  0.131009
8.59679  1.93021  -0.432233
12.683  1.5726  -1.19979
13.4275  1.35713  -1.22558
13.1301  1.2537  -1.21146
13.1674  1.10547  -1.0889
12.8342  1.03798  -1.01252
13.1329  0.916202  -1.12013
12.892  0.75799  -1.06172
7.20542  1.4688  -0.397427
11.4401  2.21329  -0.962921
12.6233  2.95441  -1.05527
12.3066  2.79836  -1.10937
12.0656  2.62459  -1.16612
11.4888  2.84804  -1.22487
10.1547  1.95051  -1.03741
10.8293  2.72409  -1.49445
10.6999  2.61663  -1.51662
9.65099  2.28258  -0.0881417
10.0451  1.77078  -1.38559
10.2433  1.78655  -1.51035
10.1924  1.79253  -1.37288
10.2465  1.76903  -1.18871
10.2282  1.72793  -1.44293
10.1434  1.92026  -1.50138
10.2434  2.40353  -1.03109
10.186  3.89689  -2.03343
10.6295  4.2328  -2.29295
10.4242  4.06057  -2.41012
10.4613  3.10512  -2.30314
11.4652  3.32467  -1.96912
10.2654  2.82737  -1.74571
11.3816  3.43337  -2.13073
12.1867  3.57345  -2.33684
12.4527  3.66874  -2.35227
12.4653  3.77979  -2.19491
12.556  3.80647  -2.17106
11.3406  3.15678  -1.73122
12.1479  3.38342  -1.51761
8.15308  1.43928  -2.49054
10.6902  2.33535  -0.63831
11.4606  2.15328  -0.450309
11.402  2.17357  -0.917798
11.5175  2.21843  -0.911354
10.4014  1.97734  -1.4434
11.244  2.33442  -2.07671
9.81391  2.26451  -0.753257
10.1753  2.2445  -1.58008
10.2088  2.37319  -0.804322
10.146  2.58039  -0.689757
10.0493  2.95649  -0.34948
9.92714  3.20176  -0.00975415
9.6259  3.51925  0.197738
8.35674  1.94616  -6.93464
7.8429  2.10098  2.77426
7.54242  1.1482  1.74833
7.32413  1.28563  1.16743
6.92567  1.24754  0.855707
6.78998  2.66628  0.541621
8.59063  0.294198  3.61398
6.60601  5.83107  -1.64849
5.81711  6.62124  -2.5179
5.5523  6.87139  -2.80746
5.42755  6.42529  -2.70007
5.44678  5.68674  -2.50128
5.6674  4.96824  -2.26326
7.32725  2.69822  -0.348436
6.07523  2.07212  -0.459901
9.51512  2.71727  0.0641844
7.41236  3.14673  1.00786
7.31345  3.65941  1.20725
7.52223  3.67138  1.24022
7.71149  3.64614  1.26732
7.73177  3.86487  1.3695
7.99748  4.08033  1.56182
8.24488  4.29151  1.59048
4.72986  -2.11687  -0.76465
12.3186  6.93396  2.75351
13.5478  7.20473  3.48902
13.741  6.74842  3.56626
13.8079  6.29466  3.5623
14.0566  6.00545  3.42868
13.6679  5.53237  3.18528
14.6886  5.84579  3.54669
0.136706  0.716836  -1.22942
18.027  3.4307  0.937443
19.0897  3.52292  0.967486
20.3456  3.73235  1.02641
18.9987  3.69506  0.964713
18.572  3.75982  0.813919
11.8679  3.14548  -0.231437
17.8328  4.30453  0.142505
19.5412  4.68162  0.255471
-7.45822  1.04965  -2.60619
18.1457  3.43375  -0.175861
30.5287  4.64714  4.43866
31.5376  4.91177  5.14873
34.9874  5.55586  6.56235
32.1527  5.46233  6.0052
35.1958  6.08135  7.27981
-4.93427  -6.25496  -10.0898
47.7713  5.70779  4.44816
49.762  5.37017  3.91412
48.8492  4.64447  3.31725
52.5313  5.14856  3.96643
51.6479  4.68116  3.61876
51.1272  4.64583  3.55059
15.2271  -8.39701  -3.10763
43.0932  8.08071  3.51483
42.46  9.07225  3.58066
44.1203  11.3434  4.51459
42.2755  11.681  5.21156
40.8368  12.3376  6.36668
39.0783  14.1167  7.42394
34.7611  13.2143  7.42284
35.3471  19.2311  11.2664
11.935  -47.3608  -18.0524
4.37857  27.2134  3.97851
-16.0975  65.0779  8.51809
-21.3471  73.698  10.2114
-26.3505  79.0231  11.09
-23.8647  70.3868  9.04114
-21.5249  62.8989  6.78416
-28.3293  72.1091  6.21272
48.0185  -67.2384  16.1313
14.9272  60.6986  -16.6239
30.8883  40.328  -33.919
34.6857  32.0945  -32.9299
39.4359  33.7507  -36.5932
39.1227  26.5593  -32.4839
39.6107  21.2777  -30.5201
-0.0492602  4.75891  21.3813
49.5621  -11.7703  -27.8481
57.8365  -14.7289  -32.6824
58.7362  -13.9205  -30.6356
59.975  -14.2786  -29.7015
68.0464  -17.4195  -33.6185
32.035  -3.04876  -11.8645
52.9796  -11.5581  -22.8601
-41.6869  29.4952  41.9419
9.59598  3.03976  -8.81146
22.6641  19.6312  -0.860428
22.0994  25.0181  2.38771
19.7094  28.6754  3.69075
16.0758  30.3014  3.68944
12.6163  29.4614  3.07088
10.8662  27.8223  2.07497
-17.4496  37.4355  18.1962
-23.7617  36.3381  19.2279
-22.8233  35.4026  18.1161
-21.6671  36.7321  17.2165
-21.1964  36.0573  16.5721
-31.764  44.6667  26.1438
-29.9145  44.5327  24.5875
-30.1565  44.8905  25.0059
-31.4872  44.95  26.0889
-32.1883  45.2029  26.9207
-31.1147  46.0236  26.2463
-31.155  46.6974  26.6502
-31.7639  49.0392  27.893
-29.9021  52.4519  28.4302
-28.69  52.7783  31.3899
-28.9274  53.4495  32.1509
-29.3309  53.424  32.5695
-29.2138  53.7145  32.6974
-29.6435  53.6714  33.2571
-30.1963  53.5612  33.7938
-22.9317  43.2791  37.3427
-22.6213  45.8523  40.2719
-22.5912  47.9248  41.877
-22.5117  47.6137  41.9125
-19.8791  43.9037  42.7592
-7.83363  28.1088  46.1453
-7.84885  28.3224  46.4841
-7.62024  28.0125  46.5152
-7.61963  28.0104  46.5136
-7.56306  27.8621  46.704
-7.526  27.923  46.8001
-7.54751  27.8545  46.9052
-7.27511  27.2942  46.9328
-7.19445  27.3844  46.986
-7.24285  27.4006  47.0587
-6.66828  26.1163  47.7021
-6.66541  25.9125  47.2762
-6.88547  25.8933  46.945
-7.01901  25.9132  46.8656
-7.01814  25.9024  46.8589
-6.99944  25.9051  46.8469
-6.59496  26.0949  47.0729
-6.58381  26.0135  47.1466
-6.45171  26.4841  47.1827
-6.49698  26.2163  47.1034
-6.38492  26.2296  47.0304
-6.46772  26.1662  46.9665
-6.62407  26.4913  47.2227
-6.62928  26.3979  47.1732
-6.6391  26.4889  47.1319
-6.59229  26.601  47.1491
-6.56806  26.602  47.1321
-7.01382  26.7877  47.5249
-7.14486  26.699  47.4743
-7.0985  26.7132  47.4486
-7.44708  26.8017  47.7861
-7.42855  26.8721  47.8133
-7.46823  26.8518  47.8309
-7.47173  26.8562  47.8361
-7.07584  26.9839  47.8041
-7.02582  26.9819  47.7662
-6.99721  26.8816  47.7885
-7.00881  26.8691  47.7898
-7.48256  26.9664  47.9206
-7.94322  27.0331  48.1264
-7.95814  27.0088  48.1234
-8.06363  27.1043  48.1814
-8.05326  27.11  48.1769
-8.06197  27.1128  48.1851
-8.06076  27.1244  48.191
-7.89961  27.0801  48.2101
-7.94233  27.0111  48.2017
-7.95084  26.9894  48.1954
-7.95798  26.992  48.2022
-7.96591  26.991  48.2076
-8.08057  27.0745  48.2656
-8.11751  27.0339  48.2696
-7.77254  27.2326  48.5707
-7.85106  27.2267  48.5377
-7.87036  27.0751  48.4771
-7.87814  27.0682  48.4788
53.1807  39.5097  21.1804
55.114  36.6022  25.8292
55.9297  39.6984  27.6855
55.9159  38.3374  27.5575
55.6277  37.0743  27.6452
56.2507  36.7721  27.5454
48.5454  33.5635  34.8798
48.4115  33.1772  35.122
48.9112  32.9819  35.0296
48.8831  32.761  34.9384
48.5549  32.4936  34.8553
48.1932  32.1529  34.8891
46.1297  30.5587  35.7382
46.2957  30.6498  35.7889
46.3377  30.6439  35.7861
41.8368  30.853  36.3188
41.1065  30.6956  36.7143
41.1746  30.5605  36.6365
41.0682  30.5234  36.7025
40.9947  30.4974  36.7728
40.9785  30.6089  36.867
41.8409  31.5942  37.1515
42.4694  32.0241  37.7409
43.1226  31.7219  37.8093
42.9037  31.4871  38.0529
43.0178  31.548  38.0839
42.8371  31.3627  38.3542
42.7341  31.072  38.692
24.3469  21.7061  47.9946
27.2062  21.0541  48.9727
26.7431  20.4447  49.0732
24.7885  18.9914  49.6549
24.1413  18.6487  49.5474
24.1498  18.6731  49.5565
23.9348  18.3472  48.0059
24.5448  19.3197  48.0164
24.3895  19.3159  48.0606
24.5636  19.0926  47.7514
24.8325  18.909  47.4922
24.9479  18.9598  47.4801
25.1395  19.0097  47.3839
25.1532  19.0209  47.3853
25.7699  18.3305  46.48
25.6833  18.2713  46.4139
25.634  18.2437  46.4148
25.6879  18.2386  46.3349
25.7214  18.2408  46.2638
25.97  18.4232  45.8166
26.3197  18.5996  45.5701
26.4221  18.6404  45.482
26.5523  18.6766  45.4578
26.5462  18.6829  45.4622
26.5359  18.6894  45.4678
26.5016  18.7869  45.4474
26.5727  18.8247  45.5031
26.7459  18.8162  45.2627
27.2869  18.8217  45.0498
27.281  18.7383  44.949
27.2846  18.7043  44.9328
27.2835  18.6935  44.9282
27.2788  18.6831  44.9247
27.2629  18.5795  45.0196
27.2347  18.6723  44.9953
27.7367  19.4803  45.4392
27.6212  19.4876  45.2025
27.6721  19.4794  45.1864
27.67  19.4726  45.1838
27.6778  19.4701  45.1807
27.6267  19.4724  45.2589
27.1517  19.5274  45.1601
27.0906  19.5265  45.1749
27.1902  19.5959  45.2932
41.4454  23.9066  33.7508
50.4646  9.6585  -7.15438
24.3498  14.4542  -4.42421
26.68  21.3528  -14.8274
29.266  30.5109  -25.6908
35.8981  39.7226  -37.8065
107.28  91.5058  -157.025
96.7039  140.093  -156.613
98.8676  144.631  -153.604
110.187  155.453  -166.145
122.564  162.124  -180.405
134.6  168.763  -194.076
193.069  268.43  -278.271
210.71  357.818  -216.187
218.312  388.863  -188.127
219.457  394.384  -180.081
221.402  408.43  -173.274
226.224  595.739  -54.3101
161.379  572.018  -245.225
119.757  593.808  -234.196
108.893  597.229  -244.217
96.3378  598.381  -256.987
77.4149  652.364  -270.68
90.6372  621.885  -336.175
97.598  619.535  -338.704
99.3742  633.437  -328.796
102.164  647.361  -317.835
99.7586  664.068  -309.37
64.8314  693.571  -286.824
147.078  712.03  -227.213
139.137  710.122  -233.388
125.935  710.4  -232.915
114.824  708.448  -238.002
109.307  707.342  -241.223
108.895  705.878  -243.35
110.855  705.452  -243.403
108.693  705.864  -243.668
102.282  706.767  -242.931
98.6517  709.009  -244.708
62.5947  709.96  -247.567
59.2101  710.684  -247.269
3.00353  -4.26385  -7.03412
3.0483  -4.28576  -7.02689
3.5207  -3.90665  -6.90608
2.83783  -3.516  -7.342
3.01197  -3.48792  -7.28402
2.90261  -3.60123  -7.3549
2.92073  -3.67222  -7.44082
2.8731  -3.67334  -7.42053
2.80675  -3.74092  -7.3407
2.41825  -4.0793  -7.20365
2.71518  -4.17159  -7.08754
2.62428  -4.12788  -7.27323
2.62348  -4.05872  -7.11057
2.75087  -4.05695  -7.31287
2.77902  -4.04091  -7.57679
2.86434  -3.99583  -7.18721
2.82947  -4.0453  -7.19402
2.8431  -4.25649  -7.09937
2.71482  -4.25737  -7.18926
2.80018  -4.33519  -7.0976
2.88195  -4.35366  -7.10461
3.12208  -4.37737  -7.0023
3.14327  -4.20887  -7.13164
3.12943  -4.12224  -7.09564
3.16535  -4.12742  -7.06634
3.24552  -4.11322  -7.02049
3.22077  -4.06399  -6.92768
3.36467  -3.83051  -7.20823
3.20367  -4.24254  -7.0777
3.51823  -4.22324  -7.19404
3.45825  -4.27266  -7.27496
3.51644  -4.20555  -7.26292
3.41831  -4.17017  -7.16095
3.46056  -4.14876  -7.12259
3.46074  -4.14577  -7.14262
3.43264  -4.3607  -7.34056
2.26558  -3.89424  -8.60054
2.74917  -4.0354  -8.08374
2.83441  -4.09269  -8.07478
2.77733  -4.05213  -8.08301
2.75252  -4.14227  -7.9814
2.79482  -4.18853  -7.85855
2.79258  -4.22723  -7.77364
3.12116  -4.33628  -7.57463
3.7397  -4.5234  -6.8252
3.78095  -4.65257  -6.77786
3.79879  -4.69486  -6.80951
3.18802  -4.48784  -7.68582
3.25868  -4.56637  -7.69497
3.37217  -4.50481  -7.45943
3.37395  -4.41357  -7.33857
3.67599  -4.3371  -7.13914
3.61916  -4.45761  -7.31622
4.0113  -4.67545  -6.85953
4.02778  -4.75146  -6.81413
4.258  -4.91368  -6.86323
4.37577  -4.85494  -6.6019
4.37144  -4.94664  -6.57795
4.44807  -5.02336  -6.56674
4.54347  -5.0263  -6.52149
4.00588  -4.9237  -7.36251
4.66999  -5.03493  -6.96672
4.49637  -5.03246  -6.90779
4.11539  -4.75552  -7.56716
4.07212  -4.77822  -7.47284
4.66878  -5.37061  -7.52585
4.66343  -5.31292  -7.47715
4.71488  -5.24489  -7.42522
3.92337  -5.02899  -8.58935
4.53547  -4.95618  -8.20353
5.35088  -5.24832  -7.23861
5.63846  -5.26898  -7.14319
5.7008  -5.17445  -7.08169
5.78702  -5.02851  -6.97351
5.11034  -5.24923  -7.44765
4.41324  -5.00292  -8.28348
4.80365  -5.08233  -8.03924
4.77466  -5.06847  -8.05833
4.79715  -5.12626  -7.8953
4.5013  -5.05662  -7.89074
5.05523  -5.23173  -7.59163
4.95423  -5.26522  -7.55169
4.09998  -5.19025  -8.58637
4.15369  -5.02966  -8.46989
4.12903  -5.18127  -8.40678
4.41994  -5.26081  -7.73664
4.37182  -4.91489  -8.27211
4.55273  -5.06106  -7.99741
4.64791  -5.53996  -7.03359
5.09347  -5.43217  -7.17016
5.29981  -5.4318  -7.19813
5.40435  -5.56393  -7.27344
5.3718  -5.51283  -7.23237
5.48497  -5.50063  -7.21549
5.43778  -5.41657  -7.34318
5.1534  -5.48967  -7.56709
5.18095  -5.52757  -7.83611
5.34961  -5.37054  -7.89458
5.58317  -5.44328  -7.78891
5.48473  -5.56039  -7.70051
5.31865  -5.61494  -7.59766
4.82197  -5.62821  -7.46577
5.09302  -5.66348  -7.59443
5.09164  -5.62502  -7.58187
4.78818  -5.6752  -7.58705
4.71118  -5.73751  -7.59397
4.49044  -5.56979  -7.70039
-3.55271e-15  -7.10543e-15  0
0.218071  -0.0317754  0.203403
0.360327  -0.0131334  0.257783
0.393441  -0.0382126  0.293678
0.162199  0.0463912  0.181031
0.176433  -0.00440295  0.328
-0.127731  -0.00541604  -0.0670077
0.0484037  -0.0266172  0.042628
0.12059  -0.0134941  0.15107
-0.159282  0.0455596  -0.218617
-0.271371  0.0466919  -0.23729
-0.22668  0.0484395  -0.183362
-0.2497  0.0313574  -0.151565
-0.315409  0.0133656  -0.0493964
-0.561839  0.0217149  -0.358645
-0.69314  0.107515  -0.57609
-0.611221  0.123873  -0.496182
-0.567291  0.0978659  -0.460745
-0.579382  0.110376  -0.460367
-0.51507  0.111372  -0.208279
-0.388788  0.116912  -0.0962877
-0.315249  0.114697  -0.0665337
-0.306484  0.131242  -0.0598684
-0.583391  0.0711276  -0.402495
-0.481095  0.100267  -0.354831
-0.495093  0.113491  -0.368712
-0.347282  0.143179  -0.270816
-0.313644  0.0995707  -0.187651
-0.322775  0.0413155  -0.138655
-0.350223  0.0490935  -0.176433
-0.310863  0.0395482  -0.195883
-0.263822  0.0526661  -0.131129
-0.20498  0.0466915  -0.109434
-0.19881  0.0617413  -0.113103
-0.103485  0.0363212  -0.0310073
-0.0808407  -0.00524128  -0.0225669
-0.0759889  -0.00379147  -0.0231721
-0.0501521  -0.0730076  0.0191679
-0.357723  -0.117146  -0.344022
-0.387839  -0.116394  -0.355964
-0.609574  0.000226817  -0.675157
-0.802621  0.0229419  -0.923431
-0.74741  -0.000832067  -0.78473
-0.791315  -0.00275516  -0.817009
-0.726828  0.044778  -0.706692
-0.594108  0.0323349  -0.598568
-0.616675  0.0421923  -0.610662
-0.550509  -0.141562  -0.48161
-0.466622  -0.134593  -0.387549
-0.342348  -0.150432  -0.277176
-0.364748  -0.134415  -0.282753
-0.612753  -0.106879  -0.65916
-0.540514  -0.104338  -0.557011
-0.746824  -0.0582525  -0.878502
-0.896962  0.00786432  -1.06862
-0.922822  0.0217056  -1.10651
-0.797624  0.0606737  -0.960975
-0.898009  0.0598999  -1.02859
-1.01667  0.0481919  -1.19809
-1.30208  0.0474671  -1.34403
-1.44238  0.127338  -1.52872
-1.26205  0.175983  -1.38641
-1.09019  0.174296  -1.21119
-1.09693  0.208558  -1.24459
-0.980945  0.1465  -1.08008
-0.921895  0.101882  -0.978219
-0.846913  0.0749694  -0.89931
-0.789674  0.0446525  -0.789238
-0.790201  0.0488849  -0.787894
-0.544251  -0.0135199  -0.597245
-0.733774  -0.00702191  -0.859371
-0.892976  0.00441999  -1.07238
-0.90111  -0.00235003  -1.08818
-0.834329  -0.0406754  -0.910297
-0.749855  -0.0109229  -0.796859
-0.754386  -0.0056141  -0.787933
-0.912041  -0.0107016  -0.991547
-0.82042  -0.00711267  -0.852712
-0.629854  0.0142078  -0.715989
-0.555356  -0.0117047  -0.623132
-0.505716  -0.0227245  -0.567758
-0.444977  -0.0812428  -0.414429
-0.384768  -0.207042  -0.175723
-0.374304  -0.224394  -0.135887
-0.279962  -0.253661  -0.0392936
-0.483043  -0.246733  -0.424145
-0.411884  -0.273008  -0.310393
-0.392111  -0.176089  -0.298114
-0.293173  -0.186517  -0.174509
-0.173881  -0.334737  -0.0809743
-0.129407  -0.329979  0.0227593
-0.210686  -0.318641  0.0533199
-0.12951  -0.324204  0.109204
-0.106397  -0.333859  0.165071
-0.0333384  -0.348218  0.274374
0.0352079  -0.336583  0.313963
-0.322525  -0.316921  -0.108595
-0.308608  -0.321701  -0.0887983
-0.555132  -0.162053  -0.384585
-0.45335  -0.13302  -0.343735
-0.434108  -0.131099  -0.347027
-0.368907  -0.105403  -0.26337
-0.353054  0.00646465  -0.242444
-0.320762  -0.014963  -0.192503
-0.30696  -0.0191059  -0.196571
-0.273207  -0.0856672  -0.11955
-3.55271e-15  0  0
0.00130922  -0.00387719  0.127872
0.0651635  0.0929012  0.212622
-0.193387  0.10291  -0.177916
-0.146134  0.131747  -0.0984385
-0.152672  0.13044  -0.0993553
-0.146529  0.0563111  -0.129193
-0.37067  -0.0265361  -0.573364
-0.380093  -0.0261741  -0.593908
-0.321678  -0.00591972  -0.482465
-0.231173  0.121275  -0.351946
-0.219757  0.154132  -0.344568
-0.443844  0.119847  -0.675384
-0.648871  0.19132  -0.876301
-0.690467  0.089011  -0.902272
-0.647156  0.112769  -0.788173
-0.597699  -0.0325168  -0.675418
-0.616501  -0.0325405  -0.679292
-0.875914  0.112775  -1.00807
-0.970623  0.177187  -1.15519
-0.914889  0.168801  -1.20761
-0.759274  0.159164  -0.999693
-0.900144  0.0902636  -1.14141
-0.9414  0.104123  -1.07165
-0.80127  0.082522  -0.89463
-0.943333  0.00977505  -1.02659
-1.07125  0.00619424  -1.07669
-0.963551  0.00625739  -0.913803
-0.672135  0.0123096  -0.702307
-0.683323  0.0242286  -0.716555
-0.620005  0.0397794  -0.659767
-0.619648  0.0421815  -0.679121
-0.800096  0.0554616  -0.906125
-0.925344  0.0571732  -1.08452
-0.832006  0.0712851  -0.930084
-0.702368  0.0465409  -0.7796
-0.71373  0.0475439  -0.801326
-0.60797  0.0414059  -0.686029
-0.512989  0.00878902  -0.53368
-0.517339  0.0236922  -0.528921
-0.444053  -0.0562593  -0.391492
-0.656483  -0.0780126  -0.636611
-0.828488  -0.0249573  -0.886721
-0.863062  -0.0255945  -0.914109
-0.987248  0.0273995  -1.10288
-1.05839  0.0936838  -1.22659
-0.914587  0.103661  -1.07611
-0.997053  0.138372  -1.06013
-1.06176  0.172022  -1.13906
-0.91124  0.176281  -0.965328
-1.03155  0.199267  -1.13206
-1.04701  0.23036  -1.14798
-0.925534  0.211637  -0.964238
-1.07587  0.153176  -1.11513
-0.961473  0.104701  -0.910226
-0.982178  0.100311  -0.927802
-0.839741  0.10348  -0.679514
-0.720197  0.04984  -0.517761
-0.639447  -0.0220617  -0.35488
-0.63153  -0.0399118  -0.337482
-0.741436  -0.0248565  -0.509897
-0.725988  -0.0162425  -0.394509
-0.630491  -0.0598917  -0.244607
-0.627289  -0.0677625  -0.222147
-0.50455  -0.0848341  -0.19581
-0.395282  -0.0727757  -0.263649
-0.362913  -0.0751638  -0.237422
-0.575323  -0.10588  -0.521727
-0.461163  -0.111848  -0.384575
-0.358368  -0.0977486  -0.298035
-0.271623  -0.135949  -0.197207
-0.248396  -0.231851  -0.168205
-0.197592  -0.24035  -0.0815542
-0.173398  -0.238864  -0.0554917
-0.116236  -0.281592  0.0500413
-0.0947033  -0.286649  0.201077
-0.0878368  -0.284535  0.188287
-0.0526385  -0.28804  0.228414
-0.0125279  -0.321472  0.290943
0.0594547  -0.373753  0.377193
0.0936645  -0.390576  0.415576
-0.0118904  -0.322067  0.366362
0.0342242  -0.352137  0.43495
0.0497921  -0.358625  0.464362
-0.177066  -0.346042  0.123459
-0.16714  -0.36358  0.135414
-0.393416  -0.335266  -0.237233
-0.411073  -0.291736  -0.276432
-0.415591  -0.290455  -0.267153
-0.361598  -0.241757  -0.17934
-0.309652  -0.215489  -0.144648
-0.303689  -0.217554  -0.136234
-0.258965  -0.235973  -0.0935812
-0.181888  -0.263333  0.00754037
-0.183993  -0.264292  0.128937
-0.46985  -0.239281  -0.229052
-0.435601  -0.240273  -0.191031
-0.352124  -0.225865  -0.102387
-0.251738  -0.23844  0.0224018
-0.533094  -0.175413  -0.302989
-0.535272  -0.175119  -0.312847
-0.469809  -0.218065  -0.217134
-0.471525  -0.224275  -0.224462
-0.44662  -0.230157  -0.164977
-0.357937  -0.251679  -0.0710057
-0.355888  -0.25125  -0.0697794
-0.631314  -0.233788  -0.426122
-0.782509  -0.180572  -0.613316
-0.820945  -0.178392  -0.665864
-0.70936  -0.166794  -0.547523
-0.597256  -0.046724  -0.394942
-0.597361  -0.0378931  -0.397643
-0.489555  -0.0210143  -0.269824
-0.485153  -0.0171139  -0.26643
-0.375828  -0.0398499  -0.127828
-0.311957  -0.0825735  -0.0230483
-0.294883  -0.0822697  -0.107579
-0.361775  -0.139078  0.0689842
-0.257345  -0.154241  0.148363
-0.238282  -0.164028  0.170402
-0.225892  -0.205942  0.185253
-0.581985  -0.0446589  -0.229065
-0.481029  -0.00292047  -0.149752
-0.483752  -0.109243  -0.138216
-0.37881  -0.111643  -0.0362582
-0.326421  -0.170201  0.0607928
-0.305674  -0.207388  0.170796
-0.314991  -0.19374  0.158469
-0.333053  -0.172907  0.15597
-0.537373  -0.147185  -0.164475
-0.470225  -0.165291  -0.0638047
-0.404726  -0.275961  0.0585448
-0.391811  -0.281547  0.0817967
-0.573262  -0.21953  -0.239285
-0.628228  -0.0736462  -0.309304
-0.721809  -0.0769158  -0.431757
-0.823501  -0.0852956  -0.451695
-0.76263  -0.12172  -0.329527
-0.834344  -0.126958  -0.291556
-0.823728  -0.127785  -0.27177
-0.681693  -0.175795  -0.185715
-0.645946  -0.228526  -0.0649848
-0.646401  -0.228623  -0.0466425
-0.631898  -0.223468  0.0795923
-0.879708  -0.301342  -0.288074
-0.876099  -0.305457  -0.283229
-0.814918  -0.276015  -0.184301
-0.771696  -0.305279  0.0635039
-0.674345  -0.314018  0.192233
-0.572315  -0.320746  0.294974
-0.548669  -0.324711  0.320186
-0.922117  -0.327575  -0.0502636
-0.856324  -0.333303  0.0635029
-0.846653  -0.340136  0.0769793
-0.807538  -0.354182  0.145098
-0.739491  -0.360938  0.244522
-0.61659  -0.394161  0.369366
-0.580296  -0.408974  0.293799
-0.477206  -0.461383  0.343258
-0.471323  -0.446161  0.346572
-0.44765  -0.461179  0.371152
-0.778739  -0.392435  -0.0996898
-0.998356  -0.3182  -0.360464
-1.00853  -0.328829  -0.381263
-1.15374  -0.236794  -0.592811
-1.06747  -0.245638  -0.443109
-1.0329  -0.259489  -0.334158
-1.03972  -0.256297  -0.338735
-0.910447  -0.239823  -0.187886
-0.92051  -0.235991  -0.0877102
-1.11092  -0.158434  -0.39874
-1.03317  -0.163855  -0.314142
-1.03062  -0.160368  -0.325494
-1.01959  -0.195741  -0.154727
-1.08372  -0.155329  -0.173188
-1.4562  -0.247178  -0.526828
-1.48588  -0.246756  -0.4522
-1.32498  -0.22984  -0.279697
-1.32154  -0.231455  -0.286747
-1.21061  -0.269867  -0.171316
-1.18443  -0.327726  -0.0612465
-1.19972  -0.328106  0.038356
-1.14035  -0.32895  0.137845
-1.1779  -0.364358  0.230207
-1.48528  -0.339728  -0.0581304
-1.49678  -0.339582  0.0319309
-1.58392  -0.307792  -0.146353
-1.48728  -0.309582  0.0929762
-1.48546  -0.400717  0.198673
-1.4897  -0.390933  0.196383
-1.3853  -0.443978  0.433198
-1.31082  -0.502685  0.553355
-1.31217  -0.494381  0.662373
-1.22926  -0.552571  0.793839
-1.17294  -0.576706  1.01188
-1.28367  -0.569233  1.09953
-1.19539  -0.674481  1.20721
-1.18759  -0.680001  1.33353
-1.19618  -0.704081  1.27641
-1.58444  -0.673409  1.06507
-1.59952  -0.676879  1.17359
-1.47115  -0.685253  1.30306
-1.27818  -0.691214  1.44804
-1.2751  -0.785514  1.57058
-1.15758  -0.818991  1.77555
-1.12418  -0.828001  1.94526
-1.09662  -0.826277  1.97364
-1.47131  -0.766116  1.68757
-1.77619  -0.794818  1.39805
-1.58631  -0.911668  1.40552
-1.45019  -0.970038  1.61315
-1.60335  -0.927794  1.41117
-1.61414  -0.91107  1.49979
-1.79485  -0.993177  1.40865
-1.71297  -0.992263  1.49886
-1.65631  -0.960024  1.61255
-1.43942  -1.07346  1.54679
-1.44018  -1.25559  1.34307
-1.30255  -1.34999  1.47189
-1.25988  -1.36019  1.57892
-1.28181  -1.44908  1.68643
-1.18544  -1.43868  1.72265
-1.3723  -1.43116  1.57819
-1.34472  -1.36747  1.24162
-1.40059  -1.26005  0.929893
-1.38753  -1.20736  0.97393
-1.53023  -1.19692  0.763195
-1.52292  -1.20319  0.656821
-1.4727  -1.15081  0.679721
-1.47022  -1.1548  0.804751
-1.47199  -1.14749  0.811241
-1.64098  -1.13026  0.594278
-1.33668  -1.16148  0.551091
-1.22474  -1.06888  0.461018
-1.39959  -1.04134  0.226822
-1.32328  -1.0525  0.365425
-1.33954  -1.04523  0.364344
-1.23224  -1.05985  0.492788
-1.43414  -1.05754  0.207586
-1.45101  -1.06031  0.19069
-1.37478  -1.0595  0.319358
-1.35711  -0.857481  0.215503
-1.44961  -0.708129  -0.0403008
-1.4057  -0.621321  -0.10442
-1.30928  -0.653777  0.00588375
-1.26821  -0.698504  0.226549
-1.26797  -0.703188  0.219607
-1.23798  -0.692807  0.369297
-1.0863  -0.758617  0.493327
-1.07492  -0.760562  0.498022
-1.05035  -0.799138  0.604608
-1.21567  -0.794272  0.342941
-1.2112  -0.806012  0.345051
-1.38399  -0.725305  0.220742
-1.38538  -0.730186  0.212792
-1.22357  -0.745658  0.356621
-1.21716  -0.750947  0.508492
-1.20898  -0.753396  0.508764
-1.39039  -0.701002  0.355829
-1.63681  -0.647536  0.0523035
-1.6443  -0.650399  0.0263882
-1.62623  -0.622947  0.198896
-1.63895  -0.511679  0.345598
-1.45651  -0.69862  0.356412
-1.46476  -0.691688  0.346203
-1.43502  -0.757828  0.473921
-1.40991  -0.792085  0.641863
-1.32195  -0.811313  0.74675
-1.25087  -0.818907  0.836629
-1.10339  -0.877041  0.891227
-0.992744  -0.922421  0.914883
-0.975627  -0.933739  0.937713
-1.1842  -0.905235  0.6036
-1.0955  -0.894574  0.709075
-1.09186  -0.900093  0.716011
-1.2649  -0.728618  0.450504
-1.2062  -0.74397  0.647202
-1.18666  -0.775262  0.725764
-1.17654  -0.789058  0.784259
-1.09989  -0.777786  0.90601
-1.33023  -0.723983  0.532913
-1.27903  -0.717193  0.588145
-1.24467  -0.714267  0.618644
-1.19175  -0.720211  0.783334
-1.09002  -0.739816  0.891812
-1.08332  -0.640041  0.891756
-1.05659  -0.645809  0.929379
-1.00541  -0.672261  1.0032
-1.27351  -0.632689  0.77356
-1.22848  -0.646217  0.847249
-1.22455  -0.6525  0.857891
-1.21296  -0.573497  1.05444
-1.11614  -0.575935  1.19331
-1.09989  -0.685506  1.11423
-1.32716  -0.691117  0.789923
-1.45392  -0.668205  0.659088
-1.63185  -0.628889  0.481799
-1.38955  -0.593233  0.603131
-1.2982  -0.565001  0.688721
-1.29724  -0.554276  0.681871
-1.2422  -0.697982  0.762067
-1.39946  -0.677544  0.248548
-1.41007  -0.768567  0.143221
-1.25151  -0.751359  0.304873
-1.39586  -0.687835  0.0515682
-1.30087  -0.679959  0.0428936
-1.19329  -0.742317  0.226446
-1.38555  -0.754908  0.17187
-1.50139  -0.696074  0.000130137
-1.5241  -0.689797  -0.0208037
-1.59972  -0.625768  -0.150374
-1.49973  -0.65579  0.00165793
-1.5199  -0.64732  -0.0226869
-1.3986  -0.678775  0.283363
-1.22398  -0.698281  0.453543
-1.05186  -0.766058  0.554027
-1.05459  -0.760989  0.654958
-0.849625  -0.896248  0.998716
-0.844248  -0.900542  1.01875
-0.778337  -1.0098  1.20743
-0.834869  -0.912942  1.01488
-1.11946  -0.812897  0.597005
-1.26074  -0.739591  0.420349
-1.10486  -0.701287  0.541829
-1.10272  -0.699517  0.536044
-1.26709  -0.657785  0.294894
-1.45423  -0.636427  0.0840274
-1.61888  -0.612166  -0.190805
-1.66915  -0.61302  -0.227647
-1.55708  -0.491115  -0.039302
-1.43414  -0.492638  0.123881
-1.29752  -0.551526  0.312155
-1.24111  -0.543943  0.408741
-1.19313  -0.540377  0.490024
-1.06716  -0.560239  0.601597
-1.38866  -0.56645  0.2984
-1.4042  -0.569463  0.405106
-1.26864  -0.548927  0.495106
-1.47698  -0.556353  0.262653
-1.48188  -0.560581  0.256177
-1.37763  -0.536517  0.392101
-1.38347  -0.534601  0.393003
-1.28959  -0.561305  0.607674
-1.17727  -0.585417  0.762996
-1.16637  -0.586127  0.775327
-0.994205  -0.687971  0.960059
-0.922866  -0.70162  1.08645
-0.89549  -0.711582  1.11919
-0.800659  -0.701854  1.30264
-0.730126  -0.709807  1.38349
-0.601247  -0.717417  1.43168
-0.540663  -0.756407  1.52733
-0.489253  -0.882907  1.45568
-0.445571  -0.894214  1.49554
-0.333397  -0.938561  1.51781
-0.278306  -0.970302  1.56846
-0.202855  -0.959588  1.65138
-0.179467  -0.959006  1.66701
-0.2461  -0.955165  1.68004
-0.206779  -0.981189  1.73419
-0.179397  -1.01464  1.79342
-0.132444  -1.03223  1.836
-0.569319  -0.944324  1.27457
-0.565686  -0.945798  1.33346
-0.447275  -0.96208  1.36052
0.187725  -0.294808  0.290815
-0.369595  -0.560121  0.717759
-0.245214  -1.05448  1.47097
-0.414355  -0.834064  1.60288
-0.332828  -0.853661  1.60719
-0.619517  -0.771425  1.21045
-0.575174  -0.763411  1.27
-0.558043  -0.765368  1.2733
-0.563862  -0.749661  1.32424
-0.552827  -0.748172  1.33299
-0.823636  -0.682736  0.958767
-1.06534  -0.671281  0.680165
-1.08366  -0.677492  0.655203
-1.05988  -0.664673  0.786309
-1.10314  -0.583033  0.811153
-1.12846  -0.568793  0.805619
-1.10682  -0.618744  0.758835
-1.06801  -0.652726  0.819347
-1.09318  -0.649269  0.819067
-1.0551  -0.633991  0.838935
-0.926766  -0.630826  0.919178
-0.753495  -0.63151  1.06707
-0.700379  -0.651195  1.11769
-0.688076  -0.641483  1.12703
-0.814888  -0.635446  0.782729
-0.769968  -0.648382  0.857237
-0.774218  -0.648574  0.850389
-0.747925  -0.673362  0.930658
-0.726402  -0.713363  0.996731
-0.738524  -0.711135  0.994609
-0.71661  -0.721086  1.0638
-0.651283  -0.767519  1.17189
-0.652363  -0.769203  1.1788
-0.58951  -0.75673  1.25045
-0.580149  -0.767139  1.2613
-0.570509  -0.777035  1.26972
-0.539574  -0.814866  1.33467
-0.545533  -0.811971  1.3491
-0.787983  -0.742861  0.851236
-0.69111  -0.70349  0.910997
-0.713397  -0.684885  1.00761
-1.12033  -0.563111  0.439594
-1.01876  -0.552914  0.562369
-1.0315  -0.540089  0.544056
-0.947546  -0.589078  0.666268
-0.914089  -0.627382  0.896202
-0.820358  -0.623068  0.970477
-0.822168  -0.616506  0.963614
-1.01974  -0.626474  0.672042
-0.971275  -0.666908  0.778312
-0.984559  -0.565663  0.86666
-0.930176  -0.570793  0.965037
-0.901117  -0.463019  0.987764
-0.820217  -0.448422  1.05023
-1.01769  -0.399148  0.868183
-1.03508  -0.394267  0.850599
-0.975554  -0.416035  0.940395
-0.883334  -0.480813  1.1855
-0.91073  -0.493775  1.19613
-1.12933  -0.499431  0.889054
-0.989402  -0.478006  0.94861
-0.976722  -0.487037  0.735682
-1.01474  -0.531254  0.587848
-1.02865  -0.526044  0.577402
-1.17701  -0.49058  0.426529
-1.31962  -0.426373  0.200808
-1.34679  -0.418187  0.17466
-1.22074  -0.435513  0.352324
-1.14743  -0.433668  0.450002
-1.15922  -0.423166  0.430306
-1.2293  -0.457237  0.268667
-1.13904  -0.496975  0.447497
-1.14643  -0.489069  0.443129
-1.04447  -0.482972  0.57429
-1.15414  -0.472159  0.420855
-1.20227  -0.47291  0.357529
-1.31359  -0.459817  0.218396
-1.30668  -0.453482  0.186595
-1.18136  -0.422186  0.342467
-0.987565  -0.419631  0.574257
-1.13992  -0.483252  0.460822
-1.25728  -0.469192  0.30276
-1.11938  -0.4688  0.474417
-0.973039  -0.360502  0.612242
-0.978693  -0.358553  0.610695
-0.821561  -0.399094  0.875447
-0.8146  -0.394532  0.880118
-0.695071  -0.426959  1.03705
-0.491325  -0.462717  1.15173
-0.466634  -0.465767  1.1639
-0.408305  -0.542296  1.35414
-0.360808  -0.562252  1.46196
-0.338941  -0.566269  1.48679
-0.303753  -0.599471  1.52007
-0.317606  -0.625136  1.66776
-0.269078  -0.646581  1.7167
-0.203232  -0.666203  1.80689
-0.421534  -0.613474  1.46391
-0.310857  -0.636806  1.58179
-0.525614  -0.642197  1.33217
-0.793275  -0.635105  1.24496
-0.664112  -0.532807  1.44015
-0.659333  -0.531107  1.43879
-0.576951  -0.48042  1.56187
-0.633617  -0.487766  1.59111
-0.523081  -0.559197  1.72333
-0.441216  -0.562161  1.82805
-0.44854  -0.659407  1.84736
-0.478868  -0.667624  1.96877
-0.409101  -0.673552  2.06877
-0.409101  -0.673552  2.06877
-0.356235  -0.718254  2.13647
-0.387026  -0.742147  2.24782
-0.376709  -0.759892  2.27806
-0.372642  -0.74476  2.29348
-0.317807  -0.751211  2.40797
-0.283075  -0.745245  2.47241
-0.206948  -0.753394  2.52899
-0.294855  -0.753093  2.5528
-0.280502  -0.79036  2.69654
-0.424058  -0.756238  2.40769
-0.345561  -0.774364  2.44898
-0.692283  -0.726088  1.95565
-0.641795  -0.740183  1.74759
-0.626461  -0.552361  1.76422
-0.633485  -0.557004  1.77912
-0.636219  -0.557232  1.78016
-0.68225  -0.607137  1.85388
-0.802097  -0.593135  1.87193
-0.792038  -0.608962  1.87691
-0.738787  -0.698126  2.07213
-0.621022  -0.579718  2.01381
-0.592127  -0.581074  2.01841
-0.578125  -0.57147  2.02915
-0.552297  -0.601196  2.07118
-0.525127  -0.595053  2.08194
-0.510166  -0.591461  2.08888
-0.487462  -0.565963  2.08089
-0.47051  -0.560665  2.08319
-0.818323  -0.512348  1.48891
-0.938201  -0.490832  1.01352
-0.761825  -0.447991  1.1526
-0.766313  -0.44007  1.13963
-0.708583  -0.468212  1.2362
-0.682508  -0.470912  1.17644
-0.684996  -0.462635  1.16913
-0.676217  -0.512375  1.17904
-0.983427  -0.481344  0.962359
-0.963973  -0.486297  0.963566
-0.8985  -0.500174  1.04224
-0.869973  -0.505498  1.12157
-0.793611  -0.464204  1.17863
-0.800095  -0.456446  1.16614
-0.718131  -0.598898  1.27117
-0.965667  -0.584553  0.970284
-0.997472  -0.59274  0.942199
-0.947982  -0.606032  1.01264
-1.0621  -0.582054  0.893325
-1.21453  -0.557449  0.826302
-1.1456  -0.496955  0.905152
-1.04165  -0.511726  0.994331
-1.26274  -0.507905  0.922239
-1.18381  -0.508949  1.03485
-1.02718  -0.533978  1.16289
-1.19128  -0.48606  0.931447
-1.227  -0.47076  0.87015
-1.19095  -0.395625  1.00128
-1.1067  -0.42969  1.11262
-1.1153  -0.414718  1.09627
-1.08843  -0.450404  1.34262
-0.990827  -0.470595  1.4162
-0.990149  -0.459584  1.41574
-0.916178  -0.508614  1.64639
-1.0184  -0.394153  1.59793
-1.02071  -0.376524  1.58157
-1.21416  -0.400366  1.23306
-1.07936  -0.434498  1.50837
-1.08085  -0.429516  1.49681
-0.891616  -0.452384  1.83503
-0.965145  -0.527574  1.90811
-0.888171  -0.579014  2.10501
-0.865514  -0.574037  2.16028
-0.8708  -0.576885  2.16169
-1.10562  -0.549042  1.94115
-1.12821  -0.54574  1.934
-1.14302  -0.528331  2.0578
-1.03728  -0.510034  2.1736
-0.957055  -0.510008  2.28206
-0.986431  -0.557751  2.90412
-0.839722  -0.563386  3.21263
-0.778027  -0.559123  3.22947
-0.746453  -0.562691  3.49075
-0.660672  -0.57696  3.70578
-0.63675  -0.574605  3.72095
-0.578134  -0.602116  3.77676
-0.821925  -0.623236  3.58065
-0.829325  -0.631682  3.67874
-0.78588  -0.612309  4.09706
-0.958441  -0.607014  3.97113
-0.926475  -0.611165  4.01703
-0.761174  -0.823562  3.32082
-0.738128  -0.927162  2.56496
-0.636844  -1.00498  2.30189
-0.565276  -1.02073  2.37485
-0.549102  -1.02348  2.38477
-0.528719  -1.05482  2.33977
-0.509934  -1.15572  2.36303
-0.847969  -1.10643  1.94197
-0.769176  -1.11202  2.05463
-0.768275  -1.11804  2.16627
-0.708478  -1.14951  2.27515
-0.714586  -1.15175  2.27408
-0.68204  -1.13449  2.34059
-0.604036  -1.16173  2.41723
-0.578653  -1.26405  2.45912
-0.536347  -1.26863  2.51932
-0.470321  -1.28237  2.58848
-0.444633  -1.28132  2.62264
-0.45447  -1.28174  2.71561
-0.338016  -1.32851  2.85894
-0.439278  -1.33993  2.86607
-0.393365  -1.35871  2.89787
-0.473025  -1.35831  2.91183
-0.413967  -1.40142  2.96666
-0.453268  -1.45037  2.97923
-0.445984  -1.4696  3.10847
-0.47391  -1.46436  3.09725
-0.473954  -1.43892  3.08083
-0.385931  -1.15718  2.70995
-0.331458  -1.1372  2.72205
-0.351435  -0.965364  2.5449
-0.335426  -0.963386  2.56313
-0.319694  -0.953411  2.55906
-0.873529  -0.798629  1.90817
-0.8985  -0.78964  1.89484
-0.917653  -0.792139  1.90001
-1.04291  -0.676494  1.60366
-0.880436  -0.685446  1.80451
-0.790191  -0.682573  1.81217
-0.691252  -0.67508  1.86231
-0.719926  -0.712037  1.89647
-0.662774  -0.665488  1.94982
-0.63081  -0.725423  2.05848
-0.635143  -0.731972  2.06612
-0.940488  -0.669518  1.64457
-0.843752  -0.607104  1.75881
-0.853243  -0.599328  1.74423
-1.07648  -0.544772  1.41329
-1.05311  -0.522886  1.46707
-1.06997  -0.507298  1.44255
-0.861851  -0.495477  1.63487
-0.833309  -0.519534  1.67626
-0.803381  -0.533873  1.69633
-1.13019  -0.518654  1.34457
-1.15338  -0.518262  1.31578
-1.03118  -0.529209  1.47151
-1.19078  -0.495335  1.26691
-1.12461  -0.491645  1.24118
-1.17082  -0.434457  1.27472
-1.44171  -0.423876  0.957158
-1.28392  -0.397403  1.09954
-1.305  -0.385417  1.07033
-1.4374  -0.375415  0.887184
-1.35221  -0.395821  1.02511
-1.37833  -0.390135  0.993213
-1.26987  -0.405399  1.18657
-1.16014  -0.457043  1.35695
-1.18126  -0.446106  1.34222
-1.3774  -0.456569  1.09394
-1.43058  -0.297462  1.07955
-1.46411  -0.261397  1.05077
-1.30487  -0.308844  1.16721
-1.1198  -0.351451  1.28028
-1.12548  -0.334673  1.26679
-1.31309  -0.374027  1.01447
-1.24863  -0.373048  1.21662
-1.33616  -0.360683  1.2173
-1.20353  -0.381782  1.31951
-1.20233  -0.370852  1.31165
-1.37376  -0.357883  1.10662
-1.38703  -0.356399  1.00838
-1.26479  -0.355966  1.16758
-1.26218  -0.351817  1.1593
-1.42781  -0.350686  1.05866
-1.34727  -0.348325  1.18712
-1.35418  -0.344304  1.17383
-1.1775  -0.398468  1.41411
-1.28582  -0.3891  1.37938
-1.28457  -0.390833  1.37224
-1.13666  -0.44372  1.55812
-1.04112  -0.496518  1.79064
-0.996196  -0.508967  1.96697
-0.92506  -0.508999  2.09291
-0.726981  -0.494264  2.24971
-0.549121  -0.501238  2.48145
-0.524658  -0.488665  2.51581
-0.70588  -0.506619  2.46679
-0.458141  -0.518971  2.8031
-0.374848  -0.544911  2.90081
-0.607074  -0.53292  2.68147
-0.610736  -0.538843  2.78727
-0.740631  -0.525688  2.49675
-0.683037  -0.515938  2.74939
-0.690966  -0.510711  2.76001
-0.99574  -0.367381  2.38103
-1.03525  -0.455584  2.46473
-0.846435  -0.509597  2.74906
-0.930285  -0.50839  2.62869
-0.964515  -0.507431  2.71389
-0.785396  -0.491268  2.86116
-0.584425  -0.571819  3.14699
-0.596043  -0.570969  3.24631
-0.758834  -0.591152  3.07224
-0.851852  -0.543254  3.02442
-0.784068  -0.44597  3.22332
-0.714646  -0.492576  3.38187
-0.404651  -0.490094  4.05038
-0.193058  -0.517063  4.66426
0.118727  -0.534383  5.07303
0.249599  -0.557684  5.2288
0.33232  -0.560454  5.35193
0.308382  -0.596661  5.27946
0.327554  -0.40415  5.43259
0.413985  -0.40992  5.53868
0.5786  -0.466066  5.71719
-0.00462738  -0.359426  4.38098
-0.0468538  -0.340197  4.32192
-0.231437  -0.321183  3.86404
-0.0856076  -0.327401  3.90702
-0.0766288  -0.328464  3.90456
-0.173864  -0.206059  3.74703
0.0960791  -0.214467  3.95339
0.0992723  -0.202975  3.96034
0.186103  -0.196717  4.05435
0.179345  -0.194935  4.1548
0.184966  -0.11206  4.15632
0.489272  -0.23517  4.68179
0.700998  -0.243616  4.78739
0.774395  -0.255528  4.8122
0.782221  -0.248416  4.94235
0.547119  -0.268299  4.64627
0.627834  -0.245329  4.81132
0.624795  -0.253986  4.82849
0.0207467  -0.529083  3.74728
-0.416349  -0.624462  3.19387
-0.504469  -0.718615  2.99881
-0.559246  -0.528385  2.99399
-0.455637  -0.549858  3.12752
-0.539785  -0.548941  3.02688
-0.406653  -0.680389  3.13657
-0.673681  -0.655824  2.65852
-0.600903  -0.636189  2.73564
-0.571591  -0.61691  2.76945
-0.296171  -0.675105  3.0823
-0.266773  -0.670479  3.10505
-0.289487  -0.684598  3.04668
-0.232819  -0.717764  3.08893
-0.199378  -0.730486  3.10612
-0.184429  -0.798965  3.15334
-0.212424  -0.871816  3.17142
-0.190924  -0.893587  3.19677
-0.229378  -0.909475  3.23319
-0.197479  -0.907656  3.25658
-0.165214  -0.903133  3.28381
-0.12453  -0.886963  3.32445
-0.123502  -0.905021  3.25666
-0.0760168  -0.933384  3.28965
-0.418061  -0.861566  2.91227
-0.442033  -0.823044  2.98336
-0.425881  -0.834695  2.99691
-0.358072  -0.842554  3.08013
-0.347779  -0.852252  3.08068
-0.376225  -0.923605  3.02512
-0.361519  -0.954568  3.08797
-0.467647  -0.838074  3.00423
-0.621288  -0.742553  2.8978
-0.87146  -0.777236  2.53911
-0.890454  -0.77088  2.53674
-0.847182  -0.767281  2.62472
-0.713435  -0.784944  2.73626
-0.707441  -0.69407  2.73653
-0.622499  -0.694769  2.79716
-0.888424  -0.698182  2.45338
-0.906925  -0.708235  2.43877
-0.932469  -0.672267  2.61959
-1.13407  -0.65347  2.36364
-1.15403  -0.6624  2.33513
-1.05449  -0.614337  2.48564
-0.950913  -0.626033  2.59255
-0.960653  -0.610411  2.58951
-0.905886  -0.616576  2.78292
-1.08292  -0.589501  2.53405
-1.16346  -0.581601  2.54153
-0.938919  -0.6554  2.88241
-0.90977  -0.682946  3.11393
-1.04181  -0.690881  2.87059
-1.07341  -0.697648  2.96137
-1.01918  -0.659462  3.02554
-1.00532  -0.556004  3.03927
-0.947013  -0.549798  3.09627
-0.896778  -0.519307  3.27812
-0.793608  -0.570183  3.38065
-0.930961  -0.456257  3.77334
-0.927281  -0.523231  3.82216
-0.863832  -0.519145  3.91985
-0.873184  -0.527354  4.03417
-0.805797  -0.512313  4.14264
-1.08562  -0.494424  3.88791
-1.08046  -0.501309  3.88903
-0.988549  -0.478668  3.96803
-0.928387  -0.479291  4.18234
-0.706543  -0.393455  4.00758
-1.15686  -0.285755  3.38199
-0.904073  -0.403579  3.04033
-0.867939  -0.501562  2.75312
-0.781529  -0.507144  2.88119
-0.939999  -0.47226  2.54544
-0.835683  -0.476124  2.68121
-0.843911  -0.467527  2.6653
-0.779356  -0.480239  2.78832
-0.79174  -0.467791  2.7803
-0.739524  -0.582715  2.90706
-0.710657  -0.55467  2.88897
-0.721153  -0.606732  2.86697
-0.70544  -0.615878  2.88938
-0.846664  -0.516464  2.7808
-1.17946  -0.39118  2.3525
-1.20293  -0.375522  2.32815
-1.08501  -0.467996  2.44597
-1.01689  -0.515739  2.55446
-1.0236  -0.513872  2.54607
-0.880047  -0.563691  2.68561
-0.676196  -0.609636  2.80893
-0.62821  -0.617356  2.87364
-0.565136  -0.627897  2.94202
-0.496229  -0.713275  3.03615
-0.489294  -0.827648  3.04696
-0.78241  -0.791247  2.81629
-0.656554  -0.750346  2.90263
-0.641811  -0.758403  2.90352
-0.614928  -0.754429  2.93955
-0.548701  -0.763823  2.94547
-0.537216  -0.767437  2.94844
-0.447913  -0.795688  3.17897
-0.763329  -0.770455  2.79272
-0.682651  -0.773125  2.94152
-0.680866  -0.773315  2.9542
-0.595243  -0.751118  3.0725
-0.490247  -0.768506  3.18423
-0.566466  -0.760878  3.19945
-0.7932  -0.669705  2.90712
-0.76629  -0.666703  2.82075
-0.944628  -0.66404  2.57075
-0.857971  -0.689844  2.69101
-0.759102  -0.68774  2.70472
-0.642217  -0.694564  2.87611
-0.632348  -0.690803  2.89057
-0.601334  -0.731299  2.94869
-0.526807  -0.827675  3.10896
-0.519287  -0.842399  3.12729
-0.500386  -0.860702  3.29026
-0.423539  -0.842155  3.38003
-0.404994  -0.843398  3.41416
-0.496439  -0.801675  3.07894
-0.495985  -0.788821  3.02379
-0.706025  -0.745295  2.73731
-0.571873  -0.724041  2.87919
-0.505819  -0.692812  2.96102
-0.487424  -0.689263  2.95802
-0.673788  -0.685927  2.71057
-0.513894  -0.755809  2.97717
-0.480564  -0.802415  3.21689
-0.621013  -0.826635  2.95034
-0.567035  -0.80788  3.06607
-0.583333  -0.811432  3.06251
-0.539634  -0.774496  3.07661
-0.463618  -0.775593  3.16061
-0.319643  -0.776301  3.24221
-0.63857  -0.753958  2.80633
-0.666951  -0.752319  2.88505
-0.902568  -0.737255  2.63329
-0.783734  -0.705545  2.80406
-0.62837  -0.719465  2.97485
-0.634882  -0.711346  2.97052
-0.496541  -0.767281  3.11176
-0.303529  -0.768487  3.3248
-0.190009  -0.815688  3.42985
-0.0794023  -0.810028  3.56057
-0.454769  -0.721821  3.15098
-0.6235  -0.643305  2.91445
-0.653421  -0.63561  2.99262
-0.763106  -0.6214  2.8437
-0.642359  -0.626316  3.01677
-0.527821  -0.6195  3.25432
-0.430107  -0.615224  3.26263
-0.577681  -0.535733  3.04956
-0.53036  -0.567882  3.18646
-0.557479  -0.570907  3.28659
-0.436965  -0.589322  3.4413
-0.30973  -0.580064  3.55778
-0.179215  -0.614184  3.80564
-0.0474824  -0.61405  3.84318
0.03699  -0.630049  4.04767
0.125903  -0.70359  4.15407
0.140397  -0.635273  4.34237
0.163292  -0.638591  4.37032
-0.268812  -0.529927  3.98509
-0.0853401  -0.492647  4.27749
-0.0132475  -0.507879  4.3613
0.0025006  -0.504411  4.3897
0.0361642  -0.480978  4.52415
-0.119917  -0.536756  4.53328
-0.0702785  -0.561843  4.59804
-0.129924  -0.687453  4.41508
-0.118011  -0.776363  4.29045
-0.0451281  -0.791734  4.31049
-0.361625  -0.716363  3.90424
-0.322536  -0.829467  3.96037
-0.320494  -0.850875  3.94342
-0.390693  -0.808476  3.99138
-0.319074  -0.830976  4.06988
-0.171844  -0.853168  3.90032
-0.0720356  -0.708738  3.73248
-0.259771  -0.654095  3.43277
-0.328985  -0.769068  3.4205
-0.867807  -0.571745  2.82436
-0.880474  -0.566594  2.8097
-0.774698  -0.552503  2.95047
-0.685553  -0.543781  2.94592
-0.918929  -0.516506  2.64196
-0.944626  -0.515978  2.61725
-0.90496  -0.51368  2.70564
-0.79374  -0.511707  2.86284
-0.75799  -0.512967  2.86768
-0.662346  -0.526607  2.99222
-0.551028  -0.624779  3.13879
-0.638746  -0.624808  3.10379
-0.820277  -0.617874  2.86593
-0.919846  -0.546015  2.65609
-0.778605  -0.584386  2.81974
-0.781909  -0.58093  2.80552
-0.931259  -0.566989  2.64493
-1.03624  -0.445803  2.61154
-0.638208  -0.560715  3.13803
-0.611698  -0.651107  3.07481
-0.507997  -0.568746  3.20613
-0.750455  -0.548634  2.88331
-0.746169  -0.662746  2.87047
-0.618239  -0.663032  3.02868
-0.508772  -0.64955  3.18324
-0.586974  -0.5995  3.17845
-0.578178  -0.596944  3.1961
-0.538445  -0.684648  3.31317
-0.59067  -0.694583  3.25564
-0.764791  -0.684336  2.96896
-0.890559  -0.651678  3.07943
-1.03554  -0.613056  2.86968
-0.995582  -0.657813  2.94436
-0.989472  -0.684854  2.92803
-0.884564  -0.827728  3.20225
-0.864845  -0.948804  3.16815
-1.01646  -0.969765  2.98295
-1.03019  -0.957573  2.99131
-1.17211  -0.913559  2.84308
-1.10569  -0.835212  2.95362
-1.22532  -0.828642  2.80523
-1.23835  -0.847678  2.78381
-1.33461  -0.788726  2.65133
-1.20654  -0.838724  2.82177
-1.2105  -0.727322  2.80931
-1.30612  -0.702347  2.63456
-1.20457  -0.617292  2.72928
-1.08  -0.602135  2.90315
-1.09061  -0.569993  2.90498
-0.929567  -0.589057  3.07354
-0.985716  -0.48623  3.08477
-1.14847  -0.67105  2.81672
-1.10624  -0.72403  2.9633
-1.03948  -0.613448  3.08641
-0.919524  -0.575407  3.11822
-0.809873  -0.73114  3.24555
-0.750337  -0.726821  3.23318
-0.739797  -0.71966  3.24516
-0.616377  -0.740349  3.46977
-0.602438  -0.731719  3.49104
-0.505451  -0.762774  3.60495
-0.433686  -0.798896  3.66336
-0.368022  -0.836776  3.74342
-0.347261  -0.845203  3.77032
-0.544333  -0.877695  3.52211
-0.544703  -0.889367  3.53296
-0.480602  -0.918464  3.62499
-0.817792  -0.927874  3.26277
-0.832192  -0.929854  3.2011
-0.737299  -0.877541  3.34398
-0.668666  -0.742609  3.39753
-0.797791  -0.781683  3.49954
-0.517941  -0.946582  3.74116
-0.527153  -0.896421  3.79553
-0.441697  -0.808218  3.88701
-0.840151  -0.752843  3.39928
-0.872885  -0.775329  3.3795
-0.800341  -0.802418  3.47489
-0.746975  -0.826378  3.54709
-0.751249  -0.808109  3.55995
-0.495457  -0.704057  3.63281
-0.719068  -0.645263  3.24815
-0.590328  -0.664712  3.24839
-0.49076  -0.677212  3.32958
-0.801864  -0.652487  3.0655
-1.01258  -0.58715  2.86731
-1.19695  -0.565327  2.7414
-1.33809  -0.533212  2.57634
-1.34359  -0.442924  2.49371
-1.03273  -0.428791  2.96096
-0.875901  -0.489822  3.15497
-0.774816  -0.550002  3.28911
-0.736401  -0.552687  3.31897
-0.603341  -0.576893  3.58618
-0.571758  -0.569938  3.66843
-0.8937  -0.544575  3.32584
-1.02812  -0.560014  3.40044
-1.21584  -0.529693  3.19078
-1.12573  -0.516745  3.26928
-0.972483  -0.498482  3.30872
-0.747154  -0.525998  3.46234
-0.611384  -0.430802  3.56875
-0.596784  -0.43695  3.5709
-0.527378  -0.493637  3.6747
-0.784417  -0.577279  3.46241
-0.968766  -0.588535  3.37672
-1.03073  -0.604143  3.47963
-0.751468  -0.734285  3.60373
-0.467965  -0.71823  3.89064
-0.546207  -0.662357  3.88124
-0.554599  -0.671021  3.87844
-0.631443  -0.704383  3.99745
-0.907429  -0.799262  3.65388
-0.666412  -0.710349  3.59246
-0.614867  -0.731132  3.64069
-0.78424  -0.754402  3.3823
-0.648507  -0.777657  3.39543
-0.8365  -0.729883  3.21133
-0.88285  -0.726349  3.31547
-0.916495  -0.752037  3.29043
-1.11231  -0.6838  3.21025
-0.991503  -0.670916  3.24535
-1.01922  -0.668783  3.23634
-0.941337  -0.642794  3.35993
-0.792457  -0.643451  3.39938
-0.730491  -0.629955  3.42566
-0.470576  -0.746719  3.73863
-0.573056  -0.63666  3.77582
-0.577556  -0.640577  3.79181
-0.50127  -0.634999  3.84215
-0.386737  -0.647371  3.9276
-0.327183  -0.646609  3.9854
-0.28574  -0.641171  4.00694
-0.151419  -0.698328  4.06238
-0.12573  -0.709663  4.07275
-0.578996  -0.676651  3.64355
-0.783358  -0.614873  3.37821
-0.804088  -0.620056  3.36719
-0.701245  -0.602239  3.61148
-0.642119  -0.589617  3.69768
-0.625621  -0.578977  3.70282
-0.599001  -0.577715  3.74156
-0.543214  -0.635792  3.8417
-0.529199  -0.650385  3.84632
-0.814073  -0.652154  3.53608
-0.747006  -0.63003  3.61999
-0.772908  -0.626772  3.72852
-1.11532  -0.521827  3.26358
-1.00731  -0.500395  3.40395
-1.13546  -0.484708  3.22324
-1.1652  -0.487419  3.19685
-1.11234  -0.459403  3.30317
-1.01085  -0.449364  3.42344
-1.15969  -0.410402  3.21261
-1.17285  -0.397313  3.18803
-1.27089  -0.406227  3.03383
-1.37523  -0.388232  2.92225
-1.41063  -0.37369  2.88424
-1.25296  -0.352789  3.05834
-1.26991  -0.340385  3.03145
-1.13383  -0.264449  3.3097
-1.00665  -0.301321  3.46
-1.07226  -0.342491  3.23757
-0.959  -0.368631  3.40286
-0.980347  -0.355389  3.38384
-0.872081  -0.380636  3.55397
-0.870031  -0.375368  3.44621
-0.951  -0.304879  3.44373
-0.826836  -0.353738  3.56594
-0.838018  -0.343007  3.56273
-1.03941  -0.374328  3.28298
-1.05779  -0.375038  3.37598
-0.981908  -0.368777  3.49542
-0.805803  -0.416562  3.53728
-0.98763  -0.375762  3.33756
-1.01384  -0.368227  3.32671
-1.26776  -0.204482  2.99939
-1.34053  -0.219858  2.87643
-1.37597  -0.308101  2.84032
-1.4154  -0.268698  2.62604
-1.03258  -0.334548  2.95581
-0.708683  -0.333512  2.97588
-1.79798  -0.166951  3.62321
1.65545  0.0729658  5.09385
0.762614  0.161485  5.26851
-0.00451891  0.270986  5.56637
-0.618317  0.339901  5.83886
-0.755718  0.410487  6.19995
-0.606429  0.557143  6.4485
-2.1871  1.08878  6.17387
-4.24157  1.593  6.48375
-5.60012  1.49425  6.09115
-5.665  1.20959  6.06706
-5.26912  1.20596  6.33949
-4.75431  1.41497  6.50207
-4.84471  1.95205  6.78508
-4.84304  2.55363  6.99883
-5.93342  2.69215  6.75853
-7.04697  2.55243  6.45685
-8.04691  3.45829  6.51874
-9.1614  4.82014  7.46865
-10.0409  5.04548  7.30857
-10.8672  6.4469  8.64448
-12.8751  8.47552  10.3528
-14.1554  10.4536  12.27
-14.7186  12.1104  14.3124
-13.4806  6.6564  14.8895
-18.8159  15.92  33.7951
-21.8616  19.4609  39.3957
-23.5342  19.2375  41.7832
-24.6704  18.0149  44.2183
-25.7778  16.1501  45.4594
-27.7283  14.797  47.1485
-28.8323  12.6987  48.0161
-32.53  15.6293  51.2475
-33.6852  13.6944  51.7703
-34.6832  12.0159  52.1941
-36.315  10.8546  53.3829
-40.2793  13.6594  56.7135
-40.2022  11.5835  57.1065
-39.7036  9.10595  57.2988
-44.6225  12.1013  60.0619
-44.2744  9.47284  59.9631
-44.2938  7.1237  59.9399
-43.6773  4.39917  59.3786
-49.3075  6.8927  61.1492
-22.4718  -11.3626  49.935
-52.8021  1.26571  58.9627
-50.7811  0.0923735  57.9911
-49.7716  -0.256853  57.5884
-48.291  -0.951695  57.0416
-47.4962  -1.3361  56.9341
-52.6023  1.11688  58.4568
-49.8102  -0.0757284  57.5001
-48.3505  -0.730604  57.0972
-46.0822  -1.55742  56.1222
-50.7394  1.16559  56.8544
-50.6028  1.47974  56.3918
-48.6932  0.421811  56.0046
-47.7538  -0.0351195  55.8623
-46.4344  -1.05977  55.5247
-50.3765  1.38873  56.1234
-48.4873  -0.0258141  55.9228
-47.8518  -1.13326  55.8739
-46.6358  -2.98788  56.0948
-21.7864  -24.4572  58.2335
-48.4628  -10.6541  57.6976
-48.8919  -11.531  57.9846
-51.4478  -10.0819  57.3335
-50.6288  -11.4613  57.7987
-50.4134  -12.1688  58.0624
-51.6566  -13.1228  57.798
-51.1349  -14.7238  58.7677
-50.4866  -15.79  59.1632
-50.8257  -15.867  59.0673
-50.1714  -16.5322  59.0057
-51.9555  -15.2555  58.2465
-52.1044  -15.9234  58.1841
-51.6935  -16.7295  58.788
-51.6286  -17.1543  59.208
-51.4599  -17.6224  60.1045
-33.1595  -33.8431  64.3119
-45.3535  -22.9342  61.3153
-44.9469  -23.0109  61.3039
-45.7265  -22.1252  61.2772
-44.393  -23.2831  61.5163
-45.8304  -22.0302  61.4511
-45.2979  -22.2707  61.7386
-44.97  -22.1291  62.0714
-44.6993  -22.0356  62.357
-34.9061  -43.6491  62.4687
-37.6385  -16.2804  60.5698
-36.3729  -16.1188  60.2463
-35.2412  -15.3016  60.9785
-33.8634  -15.2401  60.5429
-32.7205  -15.9335  60.2677
-32.1747  -18.2597  60.1981
-31.7729  -18.0827  60.1235
-30.337  -18.4447  59.9419
-38.591  -45.982  60.5901
-18.3598  -23.7105  63.0437
-16.9243  -23.8299  63.467
-16.8689  -24.77  63.2623
-15.6184  -23.8945  63.6707
-17.9747  -28.8708  62.4997
-17.1992  -29.2995  62.7173
-17.1238  -29.2219  62.8037
-16.5726  -29.8387  62.6154
-22.8637  -44.0111  57.3007
-10.6883  -34.8709  59.1382
-9.14259  -33.1951  59.0243
-9.23455  -34.1131  58.653
-9.5434  -34.8106  58.1389
-9.04431  -34.3346  58.0862
-10.9762  -41.4059  55.3728
-11.7131  -41.3806  52.4693
-12.0097  -41.7862  52.1422
-12.3017  -41.8174  51.8282
-8.54865  -33.8386  53.6954
-24.8852  -49.5889  47.0918
-26.8895  -52.7224  46.834
-20.4436  -24.6386  52.9436
-36.3673  -43.3608  50.7043
-38.0812  -46.8329  51.4699
-34.9407  -24.9296  53.7485
-37.9235  -35.8408  53.8648
-37.8597  -35.8296  53.8626
-37.7885  -34.5389  53.5143
-35.1438  -23.1925  51.6257
-41.7528  -28.0126  49.6761
-42.901  -28.2719  49.2853
-32.3552  -19.9848  50.6741
-53.6706  -30.2221  47.199
-55.707  -30.6877  46.5872
-57.4452  -31.8117  46.146
-58.3309  -31.785  46.2692
-46.6975  -16.6307  51.1628
-71.6106  -29.4828  54.1486
-76.5783  -32.3707  53.7323
-76.8314  -32.2832  53.9015
-59.9452  -17.7168  57.9413
-82.4295  -30.1472  51.0007
-84.2388  -30.9195  50.7541
-85.3927  -31.7082  50.7002
-78.612  -22.041  58.1935
-76.2232  -24.4327  60.7809
-74.009  -23.5631  62.0525
-72.6572  -23.1642  62.6189
-70.9947  -22.5088  63.6725
-85.7326  -31.0756  59.5759
-39.5726  -18.1095  68.4726
-34.7646  -17.0148  67.8163
-33.4959  -16.6763  67.7972
-57.5219  -23.7848  57.9339
-22.7833  -21.6527  58.9626
-21.327  -22.4385  58.6205
-19.2359  -22.641  58.8794
-46.8398  -16.8448  47.0642
-13.422  -25.3904  53.0268
-10.7655  -26.2723  54.218
-33.8802  -16.4795  43.9336
-11.5724  -18.3182  41.4511
-10.6518  -17.5145  41.8168
-9.83812  -17.3334  42.201
-11.0039  -16.4623  42.5122
-13.9475  -15.6493  42.6739
-29.0601  -13.7552  43.3599
-26.998  -11.5945  46.6001
-27.1262  -11.4929  47.2536
-29.8747  -11.8226  42.0029
-37.938  -10.0292  38.9373
-38.114  -9.83653  38.5561
-37.7672  -9.1612  38.2127
-37.3845  -7.49732  39.0415
-37.5745  -9.7585  37.0308
-36.8624  -10.7246  36.821
-37.0351  -10.5704  37.0743
-36.8218  -10.6183  37.5145
-36.3548  -11.0408  37.4367
-40.8942  -7.89237  40.2543
-35.2661  -8.2371  40.623
-35.578  -7.98147  40.9696
-35.8987  -7.68488  41.1233
-38.7897  -7.244  40.6858
-36.3195  -6.65646  40.6258
-36.2652  -6.60285  40.3902
-38.8926  -8.04703  38.5898
-35.4323  -5.74425  40.0132
-35.5325  -5.4051  40.6676
-35.7247  -5.77619  40.6708
-34.823  -7.2616  36.7812
-35.3814  -7.47193  40.5721
-35.5207  -7.3444  41.016
-34.7883  -7.78426  39.165
-36.5253  -5.66538  38.4506
-36.8381  -5.71924  38.3274
-36.9579  -5.80169  38.0836
-37.1769  -5.74111  37.9958
-35.5602  -7.32615  38.6307
-37.6408  -7.71009  39.5245
-38.3629  -7.61376  39.791
-38.2951  -7.62296  40.055
-38.1214  -7.65188  40.2867
-37.4345  -7.75742  40.3857
-35.0916  -7.89238  39.5594
-35.4378  -8.31274  40.6529
-35.4282  -8.76605  40.605
-35.3944  -8.90469  40.2776
-34.7921  -8.03531  39.7334
-32.5086  -10.1285  38.7827
-31.771  -10.7193  38.3329
-30.6976  -11.5482  37.7878
-34.7051  -3.99742  41.0603
-22.7228  -13.1041  38.0957
-11.4267  -33.0593  30.8414
-20.2301  -10.4964  40.456
-5.7618  -28.1241  30.0036
-1.9474  -31.1042  29.578
-1.73011  -29.3026  31.511
-1.8504  -27.5225  33.6617
-10.2725  -19.371  40.6414
-4.10023  -15.8229  52.2862
-3.14966  -13.6913  55.1262
-3.39242  -13.2842  56.4564
-2.87322  -11.9006  57.767
-3.2581  -12.1427  58.3526
1.78859  -33.1203  41.5864
9.55498  -23.1892  51.7625
12.5901  -24.8836  49.033
13.3155  -24.4658  48.7139
14.8285  -27.7638  45.7004
18.6994  -33.8001  40.3496
18.8863  -33.9345  39.9539
32.7211  -45.5443  32.1475
32.4308  -57.6743  18.2069
31.4544  -62.1546  13.5546
32.3586  -62.9332  12.4417
32.7292  -63.0294  12.3953
37.5904  -35.8895  47.0065
21.4286  -59.6313  29.3705
18.9602  -64.7741  24.9915
14.2669  -33.4265  56.0423
-1.92052  -54.6999  32.436
-3.93669  -57.8328  28.1954
-5.4165  -54.0463  30.8598
-6.76794  -50.4309  34.1221
-8.13526  -51.938  32.3683
-11.5565  -29.2308  51.3633
-20.9503  -36.7785  41.0257
-23.1242  -36.5691  39.3157
-16.4416  -19.7904  53.1256
-18.4444  -17.7238  32.0903
-17.4531  -16.1893  27.6541
-18.8703  -18.0086  25.8547
-22.407  -15.6634  25.0895
-9.98666  -16.6225  37.0392
-14.2287  -17.3154  34.4439
-16.4737  -18.098  31.8236
-15.9513  -18.6872  30.833
-14.3253  -15.4394  29.8364
-15.3687  -12.1946  33.3361
-15.5158  -11.3558  34.073
-15.7303  -9.77784  35.0064
-17.5768  -14.2942  34.8308
-16.1322  -17.0246  32.2997
-17.0615  -14.3859  33.3456
-17.2074  -13.7284  33.7453
-17.1259  -12.2846  34.5382
-17.3704  -15.5098  34.8917
-16.7984  -17.8465  32.7561
-16.3821  -18.8023  32.0879
-16.6268  -18.323  32.5562
-16.3562  -18.3386  32.8476
-16.3625  -17.4916  33.2644
-16.3264  -16.9925  34.7222
-16.2376  -17.8975  33.7609
-16.1223  -16.9501  33.687
-15.9491  -15.9285  33.9348
-16.0001  -15.4403  34.3737
-16.4315  -15.9964  34.4285
