0  0  0
0  0  0
1.80551  -2.03932  2.67156
1.51031  -2.40137  1.50565
1.32513  -2.46516  0.874258
0.626585  -2.0878  2.46459
0.137791  -1.55917  0.430194
0.15545  -1.54682  0.129294
0.0191722  -1.7002  0.217238
0.0284415  -1.76615  0.44069
-0.0145384  -1.84111  0.632602
-0.147918  -1.9195  0.868085
-0.438537  -1.99788  0.738828
-0.452199  -2.13777  0.729564
-0.529329  -2.24469  0.756228
-0.448194  -2.26125  1.11072
-0.0690929  -2.4536  1.38803
-0.176127  -1.17885  3.9413
-0.332397  -1.38334  2.38423
-0.35344  -1.06939  2.31832
-0.312205  -1.06341  2.36369
0.383589  -1.95889  2.39677
1.06344  -2.08949  3.2945
1.51975  -2.32274  3.34904
1.6883  -2.36456  3.15431
1.87126  -2.35893  2.71198
1.99648  -2.39639  2.60485
2.05824  -2.30351  2.37246
2.27191  -2.3888  2.31787
2.44316  -2.50357  2.25179
2.51954  -2.55487  2.33167
2.58077  -2.5954  2.3263
2.45064  -2.50048  2.4133
2.43912  -2.58493  2.45301
2.3977  -2.6928  2.62014
0.885923  -1.86214  4.25676
2.35631  -2.07695  3.036
2.6153  -2.03782  2.84241
2.60927  -2.01143  3.04711
2.55352  -1.98003  2.97226
2.43672  -1.99798  2.92253
0.836073  -3.14342  2.45322
3.03064  -1.73209  2.99387
3.69062  -1.23106  3.41792
3.47404  -1.12535  3.00889
3.47202  -1.10426  3.11296
3.58227  -1.05465  3.33783
3.35961  -0.889077  3.24383
3.28816  -0.846483  3.36269
3.06988  -0.754792  2.9282
3.22713  -0.529954  3.02403
3.29071  -0.724389  3.10877
3.42268  -0.896035  3.04198
3.44521  -1.15204  3.03243
3.29796  -1.26011  2.87988
2.95015  -1.39532  2.55491
2.90291  -1.30829  2.48605
3.26322  -4.50837  0.487114
2.36381  -2.99374  1.96733
3.01651  -3.79554  0.997409
4.47834  -3.32348  1.56933
4.39206  -3.10644  1.56083
4.12873  -3.0803  1.15324
4.32988  -2.97322  1.2187
4.19647  -3.0326  1.3024
3.87217  -3.25892  1.1173
4.02233  -3.21665  1.35511
4.08257  -3.40766  1.55647
3.9819  -3.63071  1.60557
3.95143  -3.87601  1.74452
3.92982  -4.11714  1.86169
3.87938  -4.2163  2.02061
4.58845  -3.77473  0.394677
5.85632  -4.56625  3.25623
5.92044  -4.66936  3.31993
6.11971  -4.60666  3.0934
6.79265  -4.5521  -0.0396967
8.05148  -3.79782  0.833262
8.43852  -3.29414  1.01955
8.50606  -3.30126  0.864045
8.60898  -3.25356  0.521166
8.79677  -3.41742  0.432541
8.8053  -3.50895  0.272373
8.91452  -3.73523  0.319325
8.95247  -3.88922  0.102518
9.07955  -3.80557  0.117692
9.04418  -4.04245  -0.00340937
9.02564  -4.38798  -0.0863308
9.05823  -4.64964  0.018246
9.04487  -4.63832  0.0140865
8.98324  -4.93254  0.162277
8.9157  -5.15413  0.248278
8.91635  -5.39355  0.330299
8.71115  -7.85386  -0.70396
7.85195  -6.14891  -0.480833
7.4861  -6.03053  -0.057426
9.66539  -7.3055  -1.25577
8.16454  -7.50756  -0.667737
8.07468  -7.48029  -0.582913
8.3785  -7.60125  -0.688802
8.49351  -7.63043  -0.651146
8.71059  -7.61917  -0.613794
8.95677  -7.48993  -0.63453
9.03778  -7.52166  -0.583139
9.22486  -7.56559  -0.551893
9.30201  -7.42752  -0.63271
8.90068  -7.21176  -1.22347
0  0  0
0.00689504  0.122398  0.0465368
0.0591888  0.289891  -0.0983821
0.0565009  0.260644  0.0205669
0.130531  0.245889  0.0360436
0.118987  0.276307  0.00346576
0.270474  0.0147944  -0.0179341
0.400443  0.0982384  0.730791
0.137782  0.0193841  0.716263
-0.00178367  -0.121565  0.652696
0.00695334  -0.16911  0.650538
0.0247557  -0.195339  0.784922
0.205959  0.548642  0.783452
0.125182  0.0812247  0.718142
-0.102164  -0.0775983  0.794068
0.0131727  -0.0655078  0.851987
-0.0496985  -0.0558402  0.784239
-0.115437  -0.083606  0.784805
-0.110786  -0.0384316  0.824135
0.020339  0.118872  0.809894
0.108294  0.0926855  0.699981
0.248148  0.0481305  0.57542
0.408637  -0.0513324  0.535446
0.572927  0.0233945  0.481688
0.714295  -0.204675  0.300532
0.43951  -0.153708  -0.356355
0.62174  -0.264861  -0.324051
0.937552  -0.41015  -0.419126
-1.83262  4.00541  1.52235
2.99192  0.121799  -1.6851
3.69133  -0.353604  -2.14886
4.17908  -0.949965  -2.96402
4.05128  -0.818557  -2.80796
4.39917  -0.887558  -2.5812
-8.07673  15.7001  2.52409
10.9887  -4.27075  -8.93513
12.4116  -4.96075  -10.3811
13.4374  -5.77722  -10.9042
32.9514  -37.6094  -22.9261
75.1408  -58.7185  -34.417
82.4572  -56.0655  -42.2632
47.1936  -6.15872  -16.9746
11.8465  3.30693  -7.34498
16.2173  5.12929  -9.32316
15.9172  5.70186  -9.54132
16.9707  5.00711  -8.62243
15.7753  5.12111  -9.86976
25.0914  -32.4294  -2.24541
-0.718856  -20.3714  -4.85698
-1.75538  -18.4167  -5.00628
-1.89663  -18.3041  -4.88553
-0.101893  -21.4169  -4.16842
0.0226217  -21.4714  -4.11246
-3.7525  -30.3999  -3.27634
3.04144  -31.0865  -1.81501
3.45346  -30.8917  -1.00431
3.35509  -30.5908  -0.785302
2.96452  -30.0551  -2.20398
3.08406  -30.9461  -2.22712
3.15961  -31.1881  -1.9067
3.04756  -31.2878  -2.0658
3.20427  -28.0292  -5.85013
3.93053  -29.8347  -5.17501
4.35229  -30.8116  -6.92032
3.88286  -30.1123  -6.86749
1.08104  -25.2465  0.542166
-0.53151  -27.5964  -5.37598
-1.68003  -27.3608  -6.55943
-2.05912  -26.8213  -6.18156
-2.21158  -26.7975  -6.5201
-2.44536  -26.5389  -5.74498
-2.56499  -26.3678  -4.93504
-2.22112  -25.1546  -1.05277
-0.726187  -24.6183  -1.7767
0.399221  -25.566  -1.36655
0.540558  -25.5832  -1.30148
0.607988  -25.6283  -1.27163
0.787857  -25.4688  -1.29289
0.943795  -25.3144  -1.31037
-1.69222  -19.3503  -1.01715
2.9634  -20.1084  -2.53515
2.94117  -20.4984  -2.5925
2.4807  -18.7371  -2.03677
1.68881  -18.5649  -2.18618
1.30624  -18.4608  -2.37525
2.45717  -16.7027  0.998231
-0.813788  -17.2392  -1.43674
-0.201835  -16.8169  -1.01361
0.00105319  -16.6182  -0.662683
0.210421  -16.4758  -0.842484
-2.47903  -18.7696  1.79413
-1.56633  -15.1935  -0.689565
-1.96249  -14.0206  -2.03549
-2.42019  -14.4272  -1.83513
-2.71542  -14.904  -1.69621
-2.32612  -16.8591  -0.378872
-3.22111  -17.109  -0.610808
0.740868  -17.1317  -0.433482
-3.06851  -17.1004  0.677885
-3.82043  -17.2787  1.34027
-3.61548  -17.0891  1.23655
-3.46128  -16.7203  0.631373
-3.61023  -16.6968  0.770354
-4.51017  -15.4606  -1.56466
-4.02475  -15.531  -1.53948
-0.207836  -16.038  -3.10261
-1.85455  -14.8259  -2.38547
-2.37582  -14.4543  -2.67749
-2.44309  -14.5441  -2.59888
-2.36974  -14.8882  -2.38729
-2.66085  -14.7576  -2.51708
-2.73045  -14.7478  -2.58592
-3.0331  -14.5902  -2.72769
3.15096  -18.6755  -0.834219
-1.38907  -16.9773  -2.05645
-2.38544  -17.4935  -2.65012
-2.79738  -17.5082  -2.78862
-2.54974  -17.4037  -2.95386
1.50378  -17.0585  -1.84912
-2.20796  -15.1491  -1.00243
-3.97288  -14.0002  -2.5403
-4.20643  -13.7327  -3.57592
-3.9539  -13.875  -3.53238
-3.69534  -14.0127  -3.08053
-3.05642  -14.421  -2.54322
-2.64421  -14.5207  -2.51618
-2.72926  -14.4954  -4.66721
0.564427  -15.7087  -0.208946
3.95762  -16.0555  3.05085
4.22451  -16.302  3.3406
5.10177  -16.5678  4.20933
4.43048  -16.7241  3.78189
0.690236  -17.1905  -0.216806
4.36003  -16.7269  3.50556
-3.34891  -21.61  -6.79003
5.92269  -17.4741  2.20941
7.61331  -16.0819  4.65692
7.17542  -16.6782  4.23351
6.98408  -17.1089  4.35516
7.04633  -17.2287  4.11137
-0.718711  -24.7763  -11.8674
11.1914  -21.4502  -0.351287
13.6516  -20.8106  1.02553
13.3322  -21.0145  -0.0269968
13.3441  -20.9763  -0.0456352
12.897  -21.151  -0.949782
10.3188  -22.7662  -5.23718
11.944  -22.2076  -4.56483
6.67585  -22.789  -4.96392
8.78033  -23.0582  -4.92342
9.4765  -23.3338  -4.95228
9.16426  -23.4151  -4.91165
9.22477  -23.5118  -4.7666
8.92463  -23.5537  -4.68242
9.25451  -23.6276  -4.78499
9.06741  -23.6854  -4.699
3.40083  -22.9546  -3.9053
7.14465  -22.6471  -4.41004
8.11733  -21.9763  -4.45168
7.70817  -22.1606  -4.47606
7.4312  -22.3571  -4.52309
6.8578  -22.1643  -4.58443
5.45471  -23.0849  -4.35936
5.73173  -22.4308  -4.71819
5.48134  -22.5057  -4.68265
4.32902  -22.7845  -3.16476
3.7364  -23.2647  -4.10906
3.7092  -23.1034  -4.10521
3.62349  -23.0685  -3.94217
3.61984  -23.059  -3.7241
3.54794  -23.0571  -3.94593
3.41339  -22.8802  -3.99003
3.46459  -22.4379  -3.509
4.11281  -21.3794  -4.89788
4.18147  -20.9284  -4.99162
4.0416  -20.9828  -5.08973
4.01505  -21.9305  -4.9632
4.64202  -21.8995  -4.56791
3.42784  -22.4173  -4.32711
4.35329  -22.0426  -4.71197
4.91426  -21.807  -4.80242
5.14352  -21.7115  -4.80575
5.13484  -21.667  -4.65867
5.19329  -21.6742  -4.63336
3.99819  -22.3394  -4.18016
4.75649  -22.0819  -3.93993
0.759227  -24.07  -4.87301
4.79849  -23.1791  -3.52305
5.71701  -23.3398  -3.37595
5.72992  -23.349  -3.87921
5.79765  -23.3863  -3.88489
4.68055  -23.6959  -4.42347
5.22466  -23.2092  -4.91017
3.64632  -23.3429  -3.51229
3.46871  -22.7544  -3.94042
3.48656  -22.5422  -3.1311
3.42551  -22.3362  -3.01335
3.32185  -22.094  -2.71353
3.19922  -21.9909  -2.42211
2.89034  -21.7428  -2.2324
1.47246  -23.2871  -9.37024
4.04352  -27.4011  -2.29448
3.51456  -28.406  -3.25614
3.24674  -28.0706  -3.74323
2.9072  -27.9721  -4.0202
2.81385  -26.4978  -4.31934
4.41423  -28.9742  -1.2502
-0.661853  -24.8578  -6.00014
-1.94977  -24.197  -6.76102
-2.30124  -23.9092  -7.00728
-2.52526  -24.2867  -6.84559
-2.63261  -24.9458  -6.58028
-2.50716  -25.6533  -6.31494
-0.830467  -27.9311  -4.44187
-1.65936  -28.2777  -4.58557
1.96271  -27.5503  -4.15577
0.874928  -26.8332  -3.46273
0.776913  -26.2642  -3.24174
1.01461  -26.2509  -3.22227
1.22303  -26.3445  -3.23256
1.29311  -26.1817  -3.16915
1.62952  -26.0886  -3.05184
1.95012  -26.0371  -3.11517
-1.52827  -32.5815  -5.53911
4.11012  -26.4348  -2.53436
5.89267  -26.3374  -2.05488
6.15214  -26.9023  -2.04
6.31225  -27.5476  -2.15019
6.585  -28.02  -2.36365
6.28271  -28.6057  -2.67778
7.38634  -28.4136  -2.39661
-7.10387  -33.6152  -7.01615
9.48835  -32.5044  -5.04712
10.4418  -32.5892  -5.03248
11.6358  -32.4827  -4.99967
10.2864  -32.5622  -5.04811
9.80039  -32.6057  -5.19937
3.02262  -33.3642  -6.14482
8.55668  -32.7636  -5.85819
10.1141  -32.4955  -5.74688
-17.0778  -36.2907  -8.1455
4.76164  -35.8687  -5.31454
16.1816  -35.9736  -1.01872
16.9511  -36.2122  -0.451477
20.2535  -36.1083  0.735362
17.2422  -36.5892  0.114931
20.1461  -36.2198  1.30177
-20.371  -48.6824  -15.6552
29.3334  -42.906  -3.57592
29.8955  -43.4812  -3.87394
28.6288  -44.406  -4.48935
31.9275  -44.1942  -3.9213
30.764  -44.8599  -4.29111
29.8026  -45.2159  -4.41077
-6.31166  -58.4445  -10.9123
20.4632  -41.8877  -4.0135
19.9105  -40.1471  -3.53275
21.8611  -37.4466  -2.415
20.375  -36.8475  -1.64776
19.2269  -36.1356  -0.526941
17.7604  -34.7069  0.265932
13.6878  -35.9334  0.00118989
14.2968  -30.588  3.45374
-9.24488  -96.6198  -26.6021
-19.1289  -6.87255  2.98738
-34.1102  30.4548  5.98432
-36.033  38.0988  6.42257
-37.1202  42.0259  5.37868
-34.7292  33.3107  3.13246
-32.5644  25.9971  0.798037
-38.0688  35.2756  -0.146113
39.8519  -103.61  6.29555
-12.6148  14.6842  -27.1023
-2.32332  12.4367  -35.5272
0.0245882  5.17598  -34.1551
2.60989  6.15373  -37.8797
1.54566  -1.70525  -34.0212
0.901178  -6.26815  -31.7462
-37.7551  -22.4784  20.8175
2.78897  -12.6311  -21.777
9.78606  -13.7267  -26.412
8.76354  -12.2075  -24.1798
8.32238  -10.9151  -22.9856
14.7185  -12.3349  -26.8506
-22.162  3.61476  -4.20078
-4.09313  -2.2591  -15.2834
-99.0271  37.6681  51.3747
-65.4677  18.5191  -1.58654
-47.5262  29.5151  7.30988
-49.5795  33.5432  10.3043
-53.5635  35.1201  11.229
-58.5586  34.2777  10.788
-63.1084  31.6601  9.78334
-66.3771  27.7517  8.19241
-95.7586  35.3102  24.3749
-97.9373  24.6532  24.8024
-98.8148  22.7744  23.057
-98.3277  24.3663  22.0631
-98.5507  24.113  21.3345
-109.667  32.9254  31.1052
-112.701  29.8629  27.5236
-112.488  30.1605  28.065
-113.36  30.0286  29.254
-113.55  29.9634  30.165
-111.963  30.4415  29.5401
-111.648  30.7415  29.9558
-112.194  32.6744  31.1503
-109.875  34.9709  31.5221
-110.83  31.4152  32.742
-111.474  30.8359  33.0043
-112.034  30.4801  33.2771
-111.99  30.5872  33.3243
-112.415  30.3139  33.8167
-112.876  30.0078  34.324
-105.335  19.5521  37.62
-104.369  20.1086  40.0733
-104.01  20.0423  41.0302
-104.045  19.5461  40.958
-101.373  15.6144  41.6337
-84.8938  -2.4096  44.9136
-84.7408  -2.30196  45.2562
-84.5768  -2.69302  45.2304
-84.577  -2.69112  45.23
-84.5019  -2.82025  45.4296
-84.407  -2.77073  45.536
-84.4418  -2.8436  45.6352
-84.1038  -3.39046  45.6719
-83.9346  -3.37783  45.7167
-84.0116  -3.40006  45.7683
-83.386  -4.6366  46.415
-83.5883  -4.93982  45.8949
-83.841  -4.98968  45.5466
-83.9199  -4.91291  45.5062
-83.9216  -4.91282  45.503
-83.9313  -4.90291  45.4862
-83.513  -4.70552  45.7141
-83.5597  -4.71602  45.7992
-83.4853  -4.13846  45.8664
-83.5972  -4.02617  45.9149
-83.6513  -3.94511  45.8232
-83.7147  -3.97865  45.7766
-83.8556  -3.61744  46.0584
-83.845  -3.51992  46.0854
-83.8889  -3.43136  46.0359
-83.8569  -3.30293  46.0564
-83.8713  -3.29791  46.0307
-84.3246  -3.12086  46.4293
-84.7786  -3.13565  46.3245
-84.8114  -3.15967  46.2628
-85.1747  -3.07953  46.6012
-85.1989  -3.18571  46.5499
-85.1802  -3.20806  46.5826
-85.1786  -3.2146  46.585
-84.7712  -3.11156  46.5411
-84.7999  -3.09162  46.4901
-84.77  -3.18405  46.5139
-84.7636  -3.1818  46.5256
-85.2154  -3.07561  46.6758
-85.6226  -3.08598  46.875
-85.6091  -3.05189  46.9019
-85.6994  -2.97099  46.9615
-85.7042  -2.96509  46.953
-85.6987  -2.96791  46.9629
-85.6967  -2.96172  46.967
-85.5252  -2.99899  46.9878
-85.5052  -2.99374  47.0245
-85.5041  -3.00135  47.0262
-85.4983  -2.99787  47.0369
-85.4899  -2.98154  47.0532
-85.57  -2.87309  47.133
-85.546  -2.84849  47.1781
-85.1943  -2.64662  47.4787
-85.2516  -2.67795  47.4425
-85.3086  -2.81481  47.3762
-85.3051  -2.81855  47.3822
4.12812  16.1576  25.1546
1.90632  11.7513  29.1483
1.07093  10.8662  29.5318
0.506019  10.4196  29.6882
-0.43038  9.93201  30.0008
-0.528063  10.0193  29.9702
-8.84254  7.07603  37.471
-9.60238  6.90658  37.737
-9.53821  7.07688  37.7218
-9.63389  6.93331  37.6488
-9.92826  6.67254  37.5735
-10.2297  6.31679  37.6101
-12.2701  4.6632  38.4597
-12.2795  4.65273  38.458
-12.2911  4.65906  38.4535
-16.8351  4.82151  39.0511
-17.3148  4.30482  39.3576
-17.3332  4.37954  39.3412
-17.3754  4.38678  39.43
-17.4273  4.39322  39.5146
-17.4395  4.53955  39.6231
-16.6083  5.52605  39.9032
-16.9203  5.13974  40.1143
-17.2961  5.04059  40.131
-17.3991  4.85147  40.4048
-17.4182  4.84648  40.3972
-17.5726  4.61166  40.6545
-17.8795  4.25205  40.9445
-36.2726  -5.3698  50.381
-43.5203  -8.05747  48.966
-44.3067  -8.71004  48.9849
-46.4115  -10.1185  49.5667
-45.6953  -9.78779  49.9877
-45.6956  -9.78052  49.9888
-46.0358  -10.186  48.3808
-45.7852  -9.90471  48.0673
-45.674  -9.87257  48.1795
-45.4274  -10.1059  47.8737
-45.1194  -10.3095  47.6067
-44.9724  -10.2862  47.589
-44.7777  -10.2639  47.4802
-44.7864  -10.2698  47.4707
-44.2111  -10.9631  46.5338
-44.0621  -10.9425  46.5438
-44.0349  -10.949  46.5679
-43.9741  -10.9543  46.4881
-43.9016  -10.9713  46.4166
-43.6721  -10.791  45.9624
-43.0227  -10.4125  45.8449
-42.9136  -10.2221  45.8126
-42.7758  -10.1832  45.789
-42.7703  -10.1784  45.7952
-42.7645  -10.1849  45.7992
-42.7899  -10.095  45.7796
-42.7101  -10.0542  45.8374
-42.5338  -10.0604  45.5949
-41.9798  -10.0476  45.3774
-41.8803  -9.99071  45.3472
-41.8819  -9.9668  45.351
-41.8813  -9.96048  45.3529
-41.8787  -9.9558  45.3563
-41.918  -10.0459  45.4509
-41.9472  -9.95295  45.4283
-41.4783  -9.1549  45.8662
-41.5241  -8.9034  45.7344
-41.5545  -8.89422  45.7086
-41.5558  -8.90123  45.7061
-41.5623  -8.90704  45.699
-41.6277  -8.91537  45.7717
-42.1087  -8.88656  45.671
-42.0678  -8.87165  45.7116
-41.8858  -8.80366  45.8443
-27.7848  -4.21431  34.169
14.1955  14.3449  1.73801
13.5644  15.0387  -0.389919
19.857  19.4247  -12.4211
26.0056  25.5064  -25.0813
33.0719  32.4623  -37.896
103.705  82.9319  -158.641
98.8844  120.646  -163.399
100.148  123.355  -160.583
110.33  133.309  -173.143
121.31  140.431  -186.89
132.016  147.718  -200.024
187.808  248.344  -283.607
196.972  323.31  -224.066
201.364  348.6  -197.759
201.874  352.355  -190.451
203.367  365.404  -183.964
207.978  549.481  -64.4019
133.439  575.644  -237.614
97.8534  595.387  -227.668
86.3416  601.71  -237.211
73.6997  606.101  -249.66
55.343  662.295  -262.855
79.6655  641.167  -330.738
87.5697  638.687  -333.527
89.2647  650.375  -323.445
91.8251  661.989  -312.3
89.0045  677.381  -303.513
53.7644  705.785  -279.892
126.282  712.972  -218.55
123.314  711.24  -225.768
111.415  711.943  -225.519
101.251  711.135  -230.726
96.8384  710.563  -234.185
97.0942  709.237  -236.48
99.687  708.56  -236.748
98.1489  708.926  -237.189
92.6681  709.822  -236.715
89.4657  712.293  -238.597
64.142  713.552  -245.061
62.5969  714.135  -245.521
19.1537  -1.91365  -11.78
19.1821  -1.96513  -11.7672
19.5908  -1.55948  -11.6118
19.201  -1.18728  -12.2084
19.3044  -1.20214  -12.1169
19.2005  -1.28765  -12.187
19.2174  -1.37769  -12.2774
19.2066  -1.37554  -12.2767
19.1632  -1.43611  -12.2085
18.7876  -1.76234  -12.0702
19.0484  -1.8017  -11.9315
18.9237  -1.77147  -12.1004
18.9424  -1.69812  -11.9467
19.0807  -1.69768  -12.1601
19.0043  -1.61269  -12.3601
19.1069  -1.66504  -11.9904
19.1015  -1.6787  -12.0092
19.1447  -1.86425  -11.9278
19.0104  -1.87028  -12.0131
19.0787  -1.94696  -11.912
19.1547  -1.98141  -11.9196
19.3811  -1.99605  -11.8124
19.3621  -1.82612  -11.9195
19.4049  -1.71531  -11.9115
19.3816  -1.70091  -11.8481
19.4204  -1.70919  -11.7824
19.4313  -1.63737  -11.7052
19.5697  -1.41263  -11.9852
19.4582  -1.842  -11.8868
19.6476  -1.82206  -11.9356
19.6348  -1.86455  -12.0432
19.6859  -1.79513  -12.0278
19.6327  -1.77829  -11.952
19.6878  -1.77309  -11.9224
19.7105  -1.75902  -11.9533
19.6593  -1.97774  -12.142
18.5653  -1.59829  -13.4501
18.9936  -1.69649  -12.8988
19.0648  -1.74712  -12.8816
19.0438  -1.7142  -12.9101
19.0348  -1.80389  -12.8162
19.0903  -1.87121  -12.7027
19.0935  -1.89903  -12.6184
19.4058  -1.97338  -12.4111
20.025  -2.15714  -11.6605
20.0268  -2.27714  -11.5909
20.0275  -2.30994  -11.6122
19.4245  -2.14694  -12.5002
19.4817  -2.2309  -12.5046
19.6232  -2.15651  -12.2817
19.6455  -2.09376  -12.175
19.9494  -1.99502  -11.9764
19.9238  -2.10164  -12.1712
20.2799  -2.36013  -11.6995
20.2899  -2.37094  -11.6435
20.5453  -2.56161  -11.7163
20.6583  -2.48972  -11.4499
20.6226  -2.61517  -11.4126
20.7066  -2.67437  -11.4055
20.8133  -2.67079  -11.3656
20.2897  -2.58961  -12.2165
20.9542  -2.7068  -11.8328
20.8089  -2.67892  -11.7811
20.3588  -2.45421  -12.4087
20.3404  -2.46548  -12.3266
20.9121  -2.95223  -12.3669
20.9718  -2.87653  -12.3521
21.0141  -2.85952  -12.3008
20.2566  -2.6728  -13.4884
20.9227  -2.60419  -13.1407
21.6411  -2.84876  -12.1197
21.8894  -2.87606  -12.0038
21.9251  -2.73978  -11.9242
22.02  -2.66281  -11.8277
21.336  -2.87117  -12.2901
20.6187  -2.66711  -13.1208
21.0033  -2.71873  -12.8704
20.9994  -2.68704  -12.9011
21.0508  -2.78878  -12.7584
20.766  -2.7235  -12.7556
21.2602  -2.88854  -12.4239
21.1476  -2.91157  -12.3766
20.3365  -2.86588  -13.4378
20.4159  -2.75208  -13.3402
20.38  -2.84025  -13.2627
20.5963  -2.91446  -12.5497
20.5359  -2.63149  -13.0855
20.7235  -2.75262  -12.812
20.966  -3.21694  -11.923
21.2175  -3.12275  -11.9564
21.3239  -3.10487  -11.9287
21.3335  -3.20643  -11.9517
21.2531  -3.14897  -11.8824
21.298  -3.1529  -11.8308
21.2643  -3.0983  -11.9688
20.8732  -3.16136  -12.1289
20.6059  -3.1282  -12.2288
20.6232  -3.0501  -12.2156
20.808  -3.14567  -12.0886
20.7661  -3.15311  -12.0163
20.6708  -3.27333  -11.9572
20.2626  -3.23221  -11.8579
20.4482  -3.29874  -11.9492
20.5096  -3.26822  -11.9708
20.2148  -3.29634  -11.9728
20.1374  -3.33645  -11.9744
19.9182  -3.19054  -12.0801
0  0  0
0.201323  -0.0227527  0.210864
0.342855  -0.010326  0.257362
0.3753  -0.0382728  0.292247
0.165418  0.0325395  0.174684
0.182702  -0.00105021  0.329407
-0.113985  -0.016677  -0.0732245
0.0588399  -0.0236453  0.0374057
0.132406  -0.0206071  0.141446
-0.142947  0.0441823  -0.226943
-0.247473  0.0427388  -0.242852
-0.21089  0.0451606  -0.186808
-0.234367  0.0365862  -0.151458
-0.285178  0.0209188  -0.0502631
-0.516859  0.0245333  -0.364787
-0.648216  0.0959702  -0.588042
-0.575956  0.118695  -0.503355
-0.535248  0.102379  -0.464729
-0.559307  0.107277  -0.464714
-0.477729  0.109686  -0.214509
-0.362525  0.104807  -0.10422
-0.280598  0.124508  -0.0674911
-0.275881  0.133095  -0.0631302
-0.548725  0.0838429  -0.402279
-0.461384  0.10345  -0.356549
-0.474405  0.115533  -0.371114
-0.340614  0.151831  -0.267352
-0.310948  0.107664  -0.183511
-0.305681  0.0628728  -0.132333
-0.338283  0.0714108  -0.168632
-0.288993  0.0691055  -0.188879
-0.241706  0.084308  -0.123336
-0.186898  0.0831304  -0.0987813
-0.183577  0.0958329  -0.102753
-0.0936582  0.0748714  -0.0176228
-0.073212  0.0403781  -0.0058206
-0.0752299  0.0433587  -0.0042451
-0.0546412  -0.0222069  0.0407649
-0.35018  -0.073767  -0.328172
-0.378269  -0.0746324  -0.341231
-0.591445  0.0321175  -0.666367
-0.776741  0.0519486  -0.917571
-0.721511  0.0341325  -0.776462
-0.765282  0.0351398  -0.807584
-0.698573  0.0827154  -0.697755
-0.573855  0.0694584  -0.588141
-0.598524  0.0774008  -0.600533
-0.534733  -0.101567  -0.469013
-0.448328  -0.093513  -0.375084
-0.327213  -0.106598  -0.262878
-0.337247  -0.0975925  -0.274106
-0.589915  -0.0725732  -0.650472
-0.521316  -0.0668545  -0.546209
-0.721042  -0.0248449  -0.870847
-0.866106  0.0347957  -1.06474
-0.894363  0.0460678  -1.10313
-0.77276  0.082404  -0.957841
-0.860835  0.0859714  -1.0265
-0.979479  0.0777667  -1.19458
-1.25047  0.0760959  -1.33866
-1.38358  0.148997  -1.52781
-1.21261  0.196491  -1.38383
-1.05034  0.19907  -1.2047
-1.06238  0.234892  -1.23627
-0.949318  0.168737  -1.07275
-0.891702  0.122948  -0.97104
-0.815969  0.0977119  -0.891622
-0.755134  0.0769269  -0.778507
-0.75624  0.0837199  -0.775994
-0.517573  0.0329574  -0.584501
-0.698582  0.0297464  -0.852496
-0.849896  0.0370004  -1.06899
-0.861622  0.0279387  -1.08491
-0.790955  -0.00506964  -0.905754
-0.709958  0.0228039  -0.792286
-0.709725  0.0259769  -0.78531
-0.855164  0.0178368  -0.992941
-0.765441  0.0162799  -0.855758
-0.587758  0.0378255  -0.716011
-0.518691  0.0155317  -0.620452
-0.46531  0.00621784  -0.565239
-0.396023  -0.0452948  -0.411018
-0.316889  -0.168301  -0.174028
-0.293807  -0.178121  -0.134017
-0.188335  -0.19456  -0.0347679
-0.373294  -0.185843  -0.424501
-0.296002  -0.215271  -0.313424
-0.277326  -0.123266  -0.302875
-0.200753  -0.133974  -0.174281
-0.106813  -0.28032  -0.0742197
-0.07505  -0.283708  0.0291107
-0.156819  -0.281975  0.0614209
-0.0723801  -0.286729  0.11689
-0.0404896  -0.292479  0.172339
0.0376647  -0.298034  0.284046
0.117913  -0.281154  0.323092
-0.210689  -0.269394  -0.109309
-0.193599  -0.280108  -0.0926396
-0.426201  -0.124629  -0.393283
-0.342301  -0.0922352  -0.34699
-0.332999  -0.0894324  -0.347657
-0.275176  -0.0720691  -0.265692
-0.262132  0.0347699  -0.246153
-0.238024  0.0217424  -0.190943
-0.229506  0.025698  -0.190528
-0.200078  -0.0331285  -0.10939
0  0  0
0.00916562  -0.00796313  0.122773
0.0618054  0.0943685  0.212511
-0.19171  0.107378  -0.172628
-0.14218  0.133607  -0.0958223
-0.141311  0.133527  -0.0929072
-0.148742  0.0598808  -0.105737
-0.37843  -0.0222713  -0.549713
-0.389782  -0.0183612  -0.56627
-0.343397  0.00631799  -0.452778
-0.261479  0.12775  -0.331064
-0.260537  0.155564  -0.333373
-0.482289  0.118132  -0.667537
-0.670101  0.177549  -0.878768
-0.693699  0.0765673  -0.898792
-0.649958  0.0985135  -0.767371
-0.582358  -0.0461247  -0.649506
-0.592617  -0.0484859  -0.653801
-0.84839  0.0986444  -0.977904
-0.940766  0.156627  -1.1326
-0.907862  0.149955  -1.18752
-0.746006  0.143767  -0.99501
-0.878351  0.0721237  -1.13891
-0.908836  0.0839449  -1.07073
-0.767927  0.0630716  -0.892532
-0.899434  -0.00851225  -1.01979
-1.02706  -0.0134165  -1.05197
-0.915722  -0.019807  -0.896313
-0.633083  -0.0151821  -0.708848
-0.640602  -0.00643921  -0.726081
-0.578011  0.00862229  -0.670145
-0.585768  0.0155974  -0.686061
-0.763914  0.0301423  -0.910735
-0.888321  0.0295371  -1.09187
-0.800313  0.0417691  -0.94147
-0.673457  0.0229105  -0.784238
-0.688486  0.0301835  -0.79899
-0.57895  0.0228444  -0.684095
-0.481577  -0.00606105  -0.526234
-0.480619  0.00614355  -0.523345
-0.409326  -0.0704666  -0.382212
-0.617028  -0.0890494  -0.621808
-0.781197  -0.0412513  -0.87632
-0.819285  -0.0443094  -0.907897
-0.945995  0.00764411  -1.09878
-1.01245  0.0679067  -1.22883
-0.87637  0.0777133  -1.08092
-0.942034  0.108159  -1.06755
-0.999909  0.139257  -1.14771
-0.84961  0.144516  -0.972749
-0.967709  0.166237  -1.14044
-0.989724  0.191547  -1.16581
-0.866008  0.166272  -0.989845
-1.01549  0.105743  -1.14314
-0.900284  0.0639192  -0.929414
-0.925402  0.065294  -0.940889
-0.779663  0.0699025  -0.691958
-0.660316  0.0127668  -0.534774
-0.577504  -0.0543529  -0.365099
-0.578262  -0.0650009  -0.341041
-0.680904  -0.0537214  -0.516124
-0.670158  -0.054005  -0.39411
-0.574882  -0.0966342  -0.242959
-0.566368  -0.106402  -0.221336
-0.460149  -0.117123  -0.189603
-0.364353  -0.0999829  -0.25276
-0.328137  -0.102303  -0.225278
-0.532062  -0.13912  -0.514877
-0.427183  -0.139999  -0.373977
-0.330819  -0.122874  -0.285486
-0.246509  -0.153339  -0.175422
-0.217552  -0.254905  -0.153218
-0.167225  -0.267046  -0.0714096
-0.141978  -0.26659  -0.046355
-0.0823087  -0.301781  0.0696582
-0.0451982  -0.301456  0.230144
-0.0372731  -0.294955  0.223333
-0.00319019  -0.301174  0.259621
0.0451468  -0.331799  0.328264
0.108628  -0.382005  0.414612
0.142345  -0.397974  0.453945
0.042258  -0.341957  0.390284
0.0848252  -0.372878  0.456699
0.106459  -0.380322  0.486717
-0.113449  -0.370132  0.144834
-0.0999936  -0.385286  0.160934
-0.337677  -0.355821  -0.213687
-0.355831  -0.310592  -0.248631
-0.356292  -0.312971  -0.242842
-0.304062  -0.266621  -0.158592
-0.254022  -0.238928  -0.12264
-0.251329  -0.239744  -0.113607
-0.214249  -0.257932  -0.072974
-0.142718  -0.281662  0.0311469
-0.135302  -0.284697  0.15054
-0.405311  -0.264343  -0.208651
-0.380828  -0.266028  -0.174482
-0.299506  -0.248691  -0.0827153
-0.20477  -0.263182  0.0378895
-0.472899  -0.207119  -0.292473
-0.482374  -0.206387  -0.303978
-0.42091  -0.243137  -0.201488
-0.428676  -0.246774  -0.207332
-0.400631  -0.251081  -0.144864
-0.319167  -0.27152  -0.0516841
-0.315868  -0.272125  -0.0514125
-0.578679  -0.255435  -0.404923
-0.725833  -0.206641  -0.596597
-0.762134  -0.199653  -0.642297
-0.65594  -0.187239  -0.524538
-0.547409  -0.0780056  -0.385784
-0.550328  -0.068312  -0.388226
-0.442746  -0.0524188  -0.261746
-0.439896  -0.0446569  -0.253842
-0.327702  -0.0664142  -0.113108
-0.265845  -0.109207  -0.00902818
-0.258619  -0.10946  -0.0950489
-0.314262  -0.167251  0.10097
-0.221479  -0.179733  0.180275
-0.20129  -0.184538  0.209079
-0.191168  -0.223198  0.227436
-0.534547  -0.0742285  -0.19767
-0.439947  -0.0374836  -0.126724
-0.430053  -0.144065  -0.11293
-0.327548  -0.141963  -0.00590514
-0.273204  -0.193819  0.100382
-0.247275  -0.232779  0.209669
-0.256387  -0.215953  0.201502
-0.27612  -0.197751  0.195103
-0.483831  -0.169112  -0.122608
-0.419223  -0.190419  -0.0268339
-0.346763  -0.301946  0.0952883
-0.331575  -0.307481  0.119295
-0.51062  -0.245533  -0.201146
-0.567741  -0.11252  -0.288416
-0.650245  -0.112614  -0.403417
-0.743099  -0.125234  -0.428358
-0.68426  -0.156977  -0.300768
-0.757056  -0.16832  -0.251472
-0.749732  -0.167265  -0.230257
-0.624296  -0.213332  -0.146727
-0.585354  -0.263381  -0.0215687
-0.580835  -0.267888  -0.00740652
-0.567255  -0.269354  0.129536
-0.802302  -0.353574  -0.243676
-0.79987  -0.359447  -0.241456
-0.748447  -0.335028  -0.151963
-0.701019  -0.372428  0.103942
-0.604174  -0.378594  0.235836
-0.513486  -0.382848  0.33833
-0.488732  -0.388571  0.361611
-0.85428  -0.399134  0.00315373
-0.79462  -0.404576  0.115431
-0.783171  -0.413313  0.12699
-0.755121  -0.421296  0.199575
-0.689257  -0.425395  0.301763
-0.57012  -0.456774  0.427844
-0.545441  -0.469814  0.353253
-0.431447  -0.511407  0.400438
-0.420318  -0.490147  0.413127
-0.394996  -0.504722  0.438777
-0.716248  -0.439886  -0.0341207
-0.924156  -0.373251  -0.301148
-0.934519  -0.381623  -0.319094
-1.08065  -0.29806  -0.541846
-0.997808  -0.307746  -0.394267
-0.964122  -0.324637  -0.289506
-0.972415  -0.322835  -0.296321
-0.845287  -0.308651  -0.149074
-0.846756  -0.304024  -0.0474813
-1.03302  -0.234625  -0.367777
-0.960484  -0.234958  -0.278194
-0.96169  -0.230784  -0.289799
-0.936217  -0.262586  -0.11226
-0.998864  -0.228243  -0.1381
-1.35434  -0.328457  -0.479083
-1.37048  -0.32884  -0.403604
-1.21004  -0.314589  -0.234679
-1.20546  -0.313342  -0.237692
-1.09646  -0.34921  -0.119561
-1.06302  -0.40148  -8.73688e-05
-1.06594  -0.403434  0.0990166
-1.01354  -0.406401  0.193662
-1.03204  -0.45665  0.269208
-1.33313  -0.439679  -0.00757673
-1.33681  -0.440304  0.0816505
-1.4295  -0.411789  -0.102537
-1.32481  -0.415048  0.135126
-1.31931  -0.51041  0.254787
-1.321  -0.504054  0.248848
-1.21003  -0.549345  0.495449
-1.13353  -0.602212  0.623748
-1.12525  -0.596117  0.730626
-1.04773  -0.649309  0.866907
-0.986939  -0.668456  1.09054
-1.08765  -0.667752  1.18981
-0.996162  -0.772211  1.29826
-0.975757  -0.775426  1.42915
-0.981106  -0.796751  1.37656
-1.34441  -0.774795  1.17883
-1.34367  -0.780398  1.28717
-1.22022  -0.788442  1.41559
-1.03443  -0.786088  1.5496
-1.00949  -0.879631  1.67629
-0.893707  -0.910225  1.88227
-0.850824  -0.91902  2.05292
-0.825518  -0.917828  2.07994
-1.18027  -0.869392  1.80208
-1.46095  -0.902468  1.5108
-1.25908  -1.00487  1.50023
-1.10608  -1.05845  1.6962
-1.25683  -1.02047  1.48945
-1.25551  -1.00753  1.57463
-1.41634  -1.09015  1.48541
-1.32578  -1.08212  1.5657
-1.2711  -1.05002  1.67861
-1.07957  -1.15615  1.59828
-1.08571  -1.33865  1.3944
-0.936238  -1.4181  1.52653
-0.89173  -1.42595  1.63714
-0.896634  -1.51727  1.74325
-0.807476  -1.50379  1.78127
-0.984932  -1.49728  1.63615
-1.01854  -1.43479  1.30913
-1.11735  -1.33252  1.00515
-1.11985  -1.28433  1.06162
-1.2636  -1.2782  0.845007
-1.26741  -1.28323  0.739079
-1.21989  -1.23601  0.754503
-1.21787  -1.24407  0.893678
-1.21639  -1.23953  0.897583
-1.38237  -1.22505  0.677973
-1.09934  -1.24402  0.609504
-1.00771  -1.14373  0.50711
-1.18367  -1.11827  0.269901
-1.10893  -1.1291  0.408452
-1.1258  -1.12476  0.403411
-1.02451  -1.13931  0.530139
-1.22438  -1.13657  0.246094
-1.24027  -1.13863  0.230417
-1.15916  -1.13756  0.360885
-1.16968  -0.935625  0.25306
-1.2781  -0.79331  -0.0132039
-1.25464  -0.702449  -0.0748525
-1.16  -0.730789  0.0402215
-1.10272  -0.772479  0.267502
-1.10517  -0.775557  0.26182
-1.08298  -0.770665  0.421601
-0.933161  -0.832578  0.550094
-0.921076  -0.834948  0.554455
-0.892968  -0.868769  0.668243
-1.04656  -0.86539  0.408201
-1.04487  -0.877897  0.40848
-1.19816  -0.80616  0.276294
-1.19881  -0.813149  0.265846
-1.04903  -0.828673  0.405976
-1.04601  -0.839068  0.569768
-1.03511  -0.841479  0.570909
-1.20719  -0.790089  0.417299
-1.44787  -0.739819  0.111384
-1.45862  -0.742233  0.0850654
-1.44525  -0.72033  0.268524
-1.45425  -0.627911  0.389839
-1.27843  -0.802959  0.395443
-1.28842  -0.795671  0.385166
-1.25634  -0.85509  0.522261
-1.22172  -0.888149  0.692423
-1.13871  -0.905534  0.798196
-1.0673  -0.913999  0.887051
-0.932183  -0.973291  0.938615
-0.838079  -1.01217  0.967852
-0.823555  -1.0217  0.992209
-1.02894  -0.998485  0.652238
-0.941083  -0.989926  0.754749
-0.935132  -0.995744  0.761996
-1.10253  -0.832284  0.489078
-1.03849  -0.841791  0.692729
-1.01667  -0.866627  0.780309
-1.00532  -0.882098  0.837016
-0.929854  -0.871175  0.957958
-1.15679  -0.824571  0.576602
-1.10559  -0.815891  0.634274
-1.07086  -0.811645  0.666587
-1.00663  -0.817375  0.832768
-0.916382  -0.837539  0.937061
-0.916179  -0.73754  0.936554
-0.883336  -0.741686  0.978116
-0.832769  -0.764161  1.05688
-1.07947  -0.72614  0.829503
-1.03876  -0.741266  0.899828
-1.03942  -0.748385  0.908007
-1.02234  -0.670439  1.10387
-0.927929  -0.673785  1.24085
-0.920912  -0.782157  1.1615
-1.13972  -0.786725  0.841089
-1.26755  -0.767595  0.705059
-1.4411  -0.734863  0.520597
-1.20153  -0.695751  0.626028
-1.11431  -0.665147  0.713432
-1.11645  -0.652702  0.707867
-1.05217  -0.790954  0.796667
-1.22488  -0.771488  0.283821
-1.23422  -0.867883  0.17292
-1.08105  -0.849213  0.334831
-1.22742  -0.788037  0.0778877
-1.13385  -0.77082  0.0613031
-1.02813  -0.825193  0.254598
-1.20383  -0.842312  0.196979
-1.30934  -0.791304  0.0182632
-1.33508  -0.78373  -0.00191106
-1.41495  -0.723145  -0.137208
-1.31922  -0.7526  0.014266
-1.34312  -0.743291  -0.0101202
-1.21017  -0.773252  0.29918
-1.03923  -0.791634  0.469697
-0.868222  -0.850879  0.561321
-0.864789  -0.845468  0.662358
-0.649307  -0.971948  1.02062
-0.642693  -0.978596  1.03799
-0.560787  -1.08621  1.2302
-0.644602  -0.993047  1.04979
-0.928923  -0.885951  0.642312
-1.07179  -0.823947  0.450601
-0.925542  -0.785981  0.568735
-0.920321  -0.783757  0.564467
-1.08507  -0.742812  0.322187
-1.26675  -0.723306  0.110578
-1.43486  -0.703149  -0.168396
-1.48457  -0.705832  -0.207426
-1.37689  -0.583093  -0.0181083
-1.25582  -0.58687  0.1416
-1.11795  -0.646732  0.328999
-1.06586  -0.642377  0.42011
-1.02243  -0.638769  0.500078
-0.901178  -0.657233  0.612026
-1.21786  -0.666309  0.326123
-1.22514  -0.670656  0.431405
-1.09449  -0.652758  0.516515
-1.28983  -0.660469  0.287619
-1.29521  -0.665795  0.279583
-1.19331  -0.64439  0.411367
-1.19493  -0.645136  0.410108
-1.10411  -0.666458  0.628602
-0.992727  -0.687946  0.787028
-0.980556  -0.689222  0.799013
-0.818923  -0.787135  0.985635
-0.745088  -0.801572  1.11177
-0.719245  -0.813436  1.14158
-0.615954  -0.801938  1.32767
-0.549571  -0.804785  1.41387
-0.417926  -0.805024  1.45286
-0.359275  -0.839733  1.55345
-0.316413  -0.96268  1.48478
-0.275294  -0.972711  1.52552
-0.163978  -1.00149  1.54808
-0.106445  -1.02734  1.60707
-0.0303407  -1.01606  1.69091
-0.00732095  -1.01567  1.70617
-0.077592  -1.01882  1.72863
-0.0351403  -1.04253  1.7867
-0.00736806  -1.07031  1.85336
0.0378747  -1.0873  1.8962
-0.379902  -1.00119  1.33822
-0.375455  -1.00041  1.40026
-0.254435  -1.01109  1.41581
0.200056  -0.310902  0.290864
-0.299251  -0.618231  0.785841
-0.063942  -1.10373  1.52343
-0.210274  -0.894284  1.64613
-0.116804  -0.896554  1.67638
-0.393988  -0.821426  1.27335
-0.351027  -0.813556  1.33229
-0.336822  -0.814049  1.3366
-0.34023  -0.798473  1.3881
-0.32636  -0.798491  1.39576
-0.592061  -0.738641  1.01587
-0.817482  -0.728003  0.741121
-0.835841  -0.733604  0.716932
-0.812765  -0.724322  0.843265
-0.856222  -0.655214  0.85189
-0.881951  -0.642746  0.843946
-0.876498  -0.687122  0.801672
-0.839201  -0.716295  0.867932
-0.863423  -0.712127  0.868852
-0.835113  -0.694405  0.888928
-0.71385  -0.696404  0.960379
-0.547032  -0.694209  1.11004
-0.503313  -0.70887  1.1643
-0.496943  -0.701169  1.16925
-0.622252  -0.693752  0.807662
-0.577201  -0.707749  0.880841
-0.583575  -0.707467  0.873964
-0.555085  -0.725084  0.964146
-0.535993  -0.760176  1.03582
-0.54546  -0.756644  1.03618
-0.519647  -0.768746  1.10377
-0.462981  -0.810853  1.21482
-0.469647  -0.811157  1.22183
-0.409127  -0.795585  1.29677
-0.40269  -0.80325  1.31028
-0.397512  -0.810351  1.32095
-0.366141  -0.84428  1.39106
-0.372983  -0.841436  1.40517
-0.619177  -0.782704  0.894984
-0.531634  -0.744367  0.950594
-0.542547  -0.72756  1.04612
-0.94627  -0.615497  0.466556
-0.854483  -0.605582  0.586011
-0.866579  -0.592829  0.5678
-0.780865  -0.64126  0.691263
-0.729882  -0.679996  0.923738
-0.638859  -0.67376  0.999672
-0.638605  -0.667004  0.993684
-0.828827  -0.674836  0.707086
-0.781569  -0.718042  0.809416
-0.790911  -0.616362  0.898541
-0.73719  -0.61475  1.00541
-0.714605  -0.508246  1.02577
-0.638503  -0.493909  1.08645
-0.819406  -0.448889  0.901722
-0.835119  -0.443103  0.885811
-0.781737  -0.465424  0.973041
-0.676027  -0.528486  1.22224
-0.701355  -0.541211  1.2338
-0.914555  -0.547529  0.927494
-0.7867  -0.529128  0.981703
-0.79648  -0.536756  0.768197
-0.840821  -0.5871  0.611524
-0.855132  -0.580639  0.602574
-1.0029  -0.545569  0.45137
-1.15345  -0.488989  0.213412
-1.18305  -0.482015  0.184963
-1.05862  -0.499733  0.361633
-0.986644  -0.498004  0.458761
-1.00109  -0.485273  0.441138
-1.07049  -0.516249  0.283696
-0.981883  -0.552524  0.466493
-0.988432  -0.545614  0.461097
-0.886682  -0.539577  0.592118
-0.991085  -0.53037  0.4382
-1.0374  -0.530165  0.376657
-1.1388  -0.521508  0.234796
-1.13177  -0.518133  0.199215
-1.0123  -0.485215  0.355411
-0.808909  -0.474327  0.579123
-0.954618  -0.529808  0.478197
-1.0609  -0.517086  0.321753
-0.927419  -0.517383  0.491185
-0.795163  -0.405547  0.630544
-0.800278  -0.403871  0.628808
-0.643564  -0.444356  0.891309
-0.637006  -0.441839  0.89322
-0.526935  -0.473018  1.0489
-0.330719  -0.498475  1.15507
-0.305634  -0.500019  1.1693
-0.236459  -0.570019  1.36904
-0.183935  -0.589516  1.47897
-0.157879  -0.594997  1.50318
-0.126437  -0.62409  1.54063
-0.125972  -0.647997  1.69271
-0.0767933  -0.668613  1.74292
-0.0136326  -0.685256  1.83614
-0.228763  -0.638676  1.48619
-0.106243  -0.654457  1.59566
-0.314136  -0.664232  1.34245
-0.539515  -0.666781  1.24996
-0.399017  -0.567191  1.44507
-0.393499  -0.563529  1.44646
-0.314844  -0.509543  1.5739
-0.368553  -0.51678  1.60417
-0.263643  -0.581728  1.74305
-0.186423  -0.58374  1.8476
-0.185257  -0.683679  1.86478
-0.207691  -0.697361  1.99886
-0.139639  -0.698712  2.10424
-0.139639  -0.698712  2.10424
-0.0880399  -0.740886  2.17481
-0.10016  -0.766052  2.28796
-0.0880289  -0.784262  2.31814
-0.0822632  -0.767833  2.33575
-0.0273432  -0.772385  2.45052
0.00901114  -0.767274  2.51435
0.0812765  -0.773562  2.57217
-0.00807365  -0.782415  2.60326
0.0195302  -0.81938  2.74919
-0.14467  -0.786096  2.47695
-0.0794152  -0.799098  2.52086
-0.41747  -0.753721  2.0264
-0.393886  -0.767774  1.81467
-0.385262  -0.581493  1.82851
-0.392974  -0.590425  1.83767
-0.389123  -0.592957  1.83772
-0.429604  -0.640325  1.91638
-0.547913  -0.633559  1.94509
-0.541382  -0.648242  1.95048
-0.471438  -0.737058  2.14777
-0.380423  -0.614698  2.0899
-0.360029  -0.615896  2.09214
-0.345193  -0.60708  2.10212
-0.320769  -0.633279  2.14827
-0.290311  -0.626736  2.16053
-0.272959  -0.623036  2.16833
-0.252147  -0.595663  2.16219
-0.23765  -0.589753  2.16454
-0.5856  -0.544011  1.56908
-0.725955  -0.519  1.07689
-0.565772  -0.478039  1.21086
-0.570292  -0.469497  1.19868
-0.512696  -0.496565  1.2966
-0.49681  -0.501901  1.23256
-0.502383  -0.493794  1.2241
-0.49481  -0.543253  1.23401
-0.782905  -0.51786  1.01363
-0.764965  -0.524599  1.01208
-0.705138  -0.536098  1.09211
-0.680708  -0.54093  1.17084
-0.604733  -0.49625  1.23215
-0.611575  -0.488848  1.2191
-0.527333  -0.625455  1.33112
-0.76506  -0.612462  1.03145
-0.796963  -0.619951  1.00424
-0.748816  -0.632893  1.07473
-0.855523  -0.615082  0.949698
-1.00449  -0.59247  0.878956
-0.936531  -0.538442  0.949176
-0.832022  -0.549942  1.04274
-1.04371  -0.552459  0.982645
-0.968748  -0.554846  1.09233
-0.812871  -0.570602  1.21258
-0.969103  -0.52528  0.980156
-1.01129  -0.510838  0.915803
-0.966243  -0.441066  1.04054
-0.876049  -0.474781  1.15413
-0.881335  -0.459929  1.13861
-0.835705  -0.492586  1.39233
-0.749095  -0.512787  1.46259
-0.749562  -0.503334  1.45978
-0.663242  -0.550204  1.69474
-0.756633  -0.453642  1.62586
-0.760725  -0.434031  1.61152
-0.948981  -0.45591  1.26711
-0.811269  -0.488127  1.54357
-0.815024  -0.48357  1.53079
-0.603168  -0.50153  1.85825
-0.659762  -0.571974  1.94036
-0.583864  -0.620378  2.13867
-0.563727  -0.61307  2.19618
-0.566113  -0.617664  2.19622
-0.782767  -0.58941  1.97949
-0.802265  -0.589831  1.96846
-0.796801  -0.572414  2.09618
-0.698804  -0.554942  2.20859
-0.603613  -0.550627  2.30538
-0.582485  -0.597302  2.95261
-0.411685  -0.595759  3.25372
-0.357106  -0.592584  3.26703
-0.303671  -0.597738  3.52847
-0.211005  -0.609173  3.74705
-0.188858  -0.606517  3.76208
-0.127792  -0.630039  3.82376
-0.355207  -0.654156  3.62652
-0.349935  -0.662693  3.72612
-0.273496  -0.643894  4.14707
-0.434014  -0.634682  4.02978
-0.401622  -0.640008  4.07429
-0.31692  -0.853892  3.36699
-0.375321  -0.962132  2.61644
-0.303961  -1.03696  2.35357
-0.241519  -1.04811  2.42971
-0.222124  -1.04782  2.44451
-0.206421  -1.07486  2.40583
-0.185167  -1.17592  2.42841
-0.510966  -1.12769  2.00965
-0.433239  -1.1361  2.11837
-0.424283  -1.14244  2.22984
-0.360871  -1.17277  2.34127
-0.364797  -1.17322  2.34316
-0.331946  -1.15654  2.40901
-0.260801  -1.18061  2.48768
-0.227697  -1.28355  2.52989
-0.185075  -1.28848  2.58974
-0.124205  -1.30334  2.6559
-0.097838  -1.30425  2.68774
-0.0931666  -1.30295  2.7851
0.0173288  -1.34799  2.92887
-0.0816436  -1.36396  2.95033
-0.0382363  -1.37667  2.9892
-0.120001  -1.38388  3.01224
-0.0671171  -1.42671  3.06559
-0.0993267  -1.47154  3.08559
-0.0805591  -1.49131  3.21541
-0.105733  -1.48725  3.20348
-0.106013  -1.45998  3.18937
-0.0848053  -1.17596  2.81371
-0.0353838  -1.15851  2.82102
-0.0722701  -0.9889  2.63932
-0.0538659  -0.986081  2.65936
-0.0434602  -0.973872  2.65656
-0.579508  -0.834845  1.99072
-0.603039  -0.825662  1.97807
-0.622203  -0.82675  1.98506
-0.749371  -0.702439  1.681
-0.607124  -0.705234  1.88369
-0.514036  -0.6959  1.88102
-0.426548  -0.687633  1.92872
-0.455822  -0.71473  1.9754
-0.403095  -0.668382  2.02838
-0.3742  -0.728105  2.13639
-0.379487  -0.735459  2.1427
-0.666759  -0.681399  1.71578
-0.574538  -0.624033  1.82215
-0.584502  -0.613737  1.81068
-0.80447  -0.564135  1.47434
-0.788924  -0.543666  1.52393
-0.805676  -0.529669  1.49739
-0.601808  -0.509845  1.67704
-0.573602  -0.52943  1.72409
-0.54194  -0.542315  1.74656
-0.854846  -0.531104  1.39383
-0.875131  -0.529899  1.36695
-0.755485  -0.545231  1.51626
-0.912134  -0.514188  1.30889
-0.841727  -0.505414  1.27148
-0.904838  -0.470618  1.31229
-1.16337  -0.460254  0.998169
-1.01556  -0.434447  1.13668
-1.03576  -0.423097  1.10692
-1.16198  -0.412773  0.926051
-1.07343  -0.431314  1.06739
-1.10142  -0.423084  1.03821
-0.993883  -0.441929  1.22667
-0.886755  -0.49127  1.39924
-0.900489  -0.480341  1.38673
-1.09128  -0.489309  1.14198
-1.14084  -0.345942  1.10838
-1.17326  -0.308088  1.08224
-1.01653  -0.351034  1.20374
-0.832399  -0.385871  1.30702
-0.837444  -0.368083  1.29502
-1.0248  -0.408568  1.04132
-0.95213  -0.403931  1.24847
-1.04102  -0.398014  1.25995
-0.913135  -0.423819  1.35466
-0.909649  -0.414432  1.3455
-1.07401  -0.404111  1.13918
-1.08491  -0.396461  1.03008
-0.973658  -0.397171  1.18451
-0.979259  -0.393153  1.17359
-1.11577  -0.395507  1.07503
-1.04142  -0.397119  1.1965
-1.0495  -0.391465  1.18496
-0.875183  -0.443317  1.42751
-0.960796  -0.438212  1.39192
-0.959924  -0.441186  1.38307
-0.813276  -0.49695  1.56486
-0.693577  -0.545419  1.78852
-0.646399  -0.554541  1.96763
-0.57436  -0.557  2.09071
-0.384092  -0.542401  2.24499
-0.197055  -0.546592  2.46137
-0.174288  -0.535464  2.49335
-0.31392  -0.548502  2.43709
-0.0759425  -0.54809  2.78694
0.00773966  -0.574406  2.88429
-0.212639  -0.560673  2.66857
-0.205753  -0.562845  2.7802
-0.318761  -0.546999  2.47868
-0.25335  -0.538151  2.73033
-0.260426  -0.53534  2.73809
-0.561871  -0.408611  2.33868
-0.582337  -0.496457  2.42516
-0.380987  -0.538301  2.70725
-0.463196  -0.536652  2.58794
-0.487945  -0.533728  2.67635
-0.308534  -0.522996  2.81669
-0.094412  -0.589275  3.10318
-0.0951153  -0.588749  3.20317
-0.255294  -0.609513  3.02914
-0.334167  -0.56538  2.97852
-0.255852  -0.462904  3.16461
-0.18005  -0.50681  3.32855
0.228768  -0.474875  3.94962
0.508177  -0.481534  4.53838
0.834152  -0.482684  4.92889
0.962028  -0.50001  5.09148
1.0592  -0.497672  5.20382
1.05182  -0.526232  5.12446
1.07428  -0.345535  5.26236
1.1698  -0.338777  5.36565
1.33245  -0.392434  5.54679
0.619547  -0.32033  4.26946
0.572046  -0.305839  4.20272
0.337222  -0.300602  3.75976
0.462193  -0.303619  3.80281
0.464321  -0.300663  3.80349
0.359955  -0.179109  3.64393
0.616529  -0.184596  3.83054
0.620765  -0.176848  3.83296
0.706519  -0.168919  3.92881
0.714641  -0.165632  4.03348
0.751365  -0.0705672  4.01784
1.05252  -0.202825  4.53056
1.25613  -0.197473  4.63202
1.32207  -0.204188  4.66131
1.34037  -0.201355  4.7869
1.11436  -0.2257  4.48779
1.21136  -0.193631  4.64775
1.21418  -0.201779  4.66732
0.497466  -0.517606  3.67631
0.0386875  -0.638623  3.14722
-0.0609193  -0.741555  2.96005
-0.125176  -0.569489  2.93016
-0.0239171  -0.585206  3.07041
-0.120988  -0.5835  2.98862
0.0171138  -0.713029  3.10107
-0.274269  -0.694133  2.63228
-0.204835  -0.678913  2.70271
-0.17157  -0.662681  2.73377
0.0807749  -0.711635  3.05162
0.108503  -0.706394  3.07467
0.0777684  -0.720206  3.03598
0.135949  -0.750542  3.08234
0.171267  -0.759454  3.10501
0.19288  -0.821286  3.1628
0.172802  -0.887689  3.19157
0.19508  -0.909828  3.21668
0.165533  -0.925877  3.25556
0.189447  -0.920828  3.28072
0.223893  -0.916981  3.30774
0.260066  -0.902239  3.34518
0.261668  -0.913785  3.28596
0.303255  -0.939389  3.32074
-0.0266403  -0.875535  2.93673
-0.0559109  -0.847646  3.01205
-0.0383142  -0.856473  3.02968
0.0286209  -0.859971  3.11825
0.0411682  -0.862512  3.1287
0.0216815  -0.930898  3.07845
0.0392518  -0.960767  3.14356
-0.0748808  -0.859709  3.03753
-0.223589  -0.774578  2.91918
-0.463407  -0.805481  2.56846
-0.47531  -0.80427  2.56158
-0.432776  -0.802214  2.64736
-0.305307  -0.81553  2.76262
-0.305408  -0.720541  2.76758
-0.22842  -0.71929  2.82833
-0.485735  -0.724489  2.48483
-0.50128  -0.737755  2.46697
-0.525667  -0.710561  2.65416
-0.716988  -0.694348  2.39796
-0.73993  -0.700475  2.37218
-0.644804  -0.656036  2.51669
-0.548236  -0.666957  2.6225
-0.563485  -0.656042  2.61174
-0.506237  -0.658647  2.80831
-0.67624  -0.628721  2.56522
-0.741683  -0.620946  2.57489
-0.50708  -0.693602  2.92026
-0.468362  -0.715714  3.15948
-0.597014  -0.726339  2.91368
-0.618342  -0.733519  3.00484
-0.570078  -0.695126  3.06749
-0.571565  -0.593774  3.07511
-0.520643  -0.589081  3.12796
-0.469148  -0.559399  3.30697
-0.372971  -0.607021  3.4116
-0.470724  -0.500945  3.81808
-0.464022  -0.563901  3.87299
-0.402864  -0.55698  3.97364
-0.399418  -0.563219  4.09216
-0.324707  -0.5493  4.19921
-0.583198  -0.535349  3.94362
-0.579032  -0.541124  3.94588
-0.499371  -0.518319  4.02143
-0.435505  -0.518251  4.23558
-0.23907  -0.419004  4.03699
-0.672058  -0.322403  3.40228
-0.475986  -0.437734  3.03695
-0.46712  -0.536728  2.74558
-0.380955  -0.538596  2.87837
-0.545088  -0.503398  2.54349
-0.448574  -0.5046  2.68036
-0.457758  -0.497016  2.66286
-0.393634  -0.508535  2.78728
-0.408939  -0.496136  2.77832
-0.357235  -0.606659  2.9094
-0.338335  -0.578487  2.88849
-0.363866  -0.634161  2.87901
-0.346649  -0.644608  2.9002
-0.479877  -0.559934  2.775
-0.792679  -0.450005  2.33289
-0.809666  -0.433496  2.31158
-0.696721  -0.517182  2.43924
-0.628033  -0.554381  2.56151
-0.636699  -0.550963  2.55454
-0.494941  -0.59915  2.69565
-0.300365  -0.635941  2.80846
-0.246885  -0.649277  2.86758
-0.184681  -0.661366  2.9337
-0.119125  -0.740339  3.03508
-0.102378  -0.854571  3.04781
-0.372195  -0.822449  2.81643
-0.263232  -0.780304  2.89932
-0.24827  -0.788964  2.89949
-0.216662  -0.786895  2.93449
-0.157189  -0.79741  2.93911
-0.142374  -0.801162  2.94289
-0.0479861  -0.827229  3.17559
-0.351349  -0.800802  2.79449
-0.280712  -0.804107  2.93947
-0.280001  -0.807325  2.94791
-0.201893  -0.786712  3.06193
-0.106625  -0.801878  3.1736
-0.184179  -0.802083  3.19784
-0.409212  -0.72392  2.88923
-0.39249  -0.719017  2.80444
-0.561008  -0.716079  2.55774
-0.479286  -0.741008  2.67765
-0.373383  -0.734364  2.67979
-0.256874  -0.742645  2.84919
-0.246142  -0.739415  2.86323
-0.215435  -0.77326  2.92983
-0.135182  -0.865813  3.09675
-0.129558  -0.876916  3.11919
-0.0960068  -0.895332  3.28423
-0.0197848  -0.881014  3.36836
-0.00476866  -0.884817  3.39813
-0.0933011  -0.841181  3.04672
-0.0982086  -0.827229  2.99138
-0.305464  -0.790348  2.69716
-0.180397  -0.770657  2.8343
-0.113436  -0.741931  2.91317
-0.0968013  -0.737652  2.91058
-0.273185  -0.732045  2.66906
-0.103787  -0.79069  2.9313
-0.0676301  -0.837066  3.17217
-0.202198  -0.858545  2.91092
-0.148633  -0.838607  3.02805
-0.164268  -0.839942  3.02756
-0.124973  -0.802912  3.04046
-0.0535695  -0.804266  3.12274
0.0904115  -0.798874  3.19268
-0.219277  -0.77481  2.76179
-0.239683  -0.770217  2.84454
-0.465464  -0.751893  2.59994
-0.345298  -0.724091  2.76607
-0.199298  -0.736696  2.93574
-0.205812  -0.728407  2.93163
-0.0706404  -0.780462  3.07693
0.129783  -0.770549  3.28484
0.233197  -0.813706  3.39208
0.355641  -0.803578  3.51041
0.00778617  -0.721796  3.10078
-0.151037  -0.650834  2.85747
-0.166886  -0.642896  2.93799
-0.278471  -0.629091  2.78798
-0.159342  -0.634744  2.95961
-0.0450705  -0.631752  3.18999
0.0514983  -0.620429  3.18751
-0.0912117  -0.542005  2.97573
-0.0377463  -0.571476  3.11792
-0.0500518  -0.573342  3.22181
0.0657472  -0.588407  3.37943
0.190914  -0.580947  3.49298
0.328689  -0.609629  3.74786
0.456428  -0.602414  3.77381
0.556046  -0.617069  3.9824
0.643737  -0.686282  4.09401
0.66433  -0.614751  4.28733
0.683825  -0.617199  4.31538
0.25499  -0.526682  3.94797
0.427683  -0.486558  4.24081
0.502501  -0.499317  4.32864
0.518235  -0.497878  4.35442
0.558371  -0.47113  4.49411
0.412276  -0.526493  4.52628
0.457545  -0.548145  4.59417
0.381651  -0.677629  4.424
0.377348  -0.774734  4.30661
0.445487  -0.791888  4.32293
0.139351  -0.727664  3.9054
0.186754  -0.835655  3.96941
0.187557  -0.853587  3.95657
0.117716  -0.818901  4.01421
0.192516  -0.841912  4.093
0.320498  -0.856845  3.91186
0.397564  -0.70522  3.73252
0.201373  -0.656471  3.42267
0.130101  -0.774452  3.42423
-0.382478  -0.604833  2.8002
-0.393934  -0.603518  2.78096
-0.292134  -0.590475  2.91919
-0.221428  -0.579607  2.91406
-0.448341  -0.560072  2.60204
-0.470828  -0.55874  2.57933
-0.430517  -0.558167  2.66569
-0.320584  -0.554324  2.82492
-0.286795  -0.548148  2.83876
-0.192463  -0.560985  2.96395
-0.0824913  -0.655421  3.11493
-0.171659  -0.652645  3.08312
-0.346989  -0.644656  2.84847
-0.451486  -0.574405  2.63509
-0.319817  -0.608398  2.80152
-0.322547  -0.60346  2.78938
-0.46369  -0.591763  2.62836
-0.561161  -0.471512  2.59504
-0.121352  -0.568285  3.15741
-0.0912499  -0.663886  3.08952
0.0129782  -0.586151  3.21624
-0.221667  -0.568939  2.892
-0.213751  -0.676995  2.88685
-0.0973743  -0.671126  3.04955
0.00116107  -0.667372  3.1883
-0.0711493  -0.641946  3.15351
-0.06022  -0.638599  3.17282
-0.0248149  -0.710376  3.30914
-0.0678814  -0.7196  3.25405
-0.227164  -0.713248  2.96678
-0.335631  -0.703068  3.07077
-0.467089  -0.670709  2.85698
-0.425475  -0.704917  2.94576
-0.430432  -0.718179  2.9439
-0.315963  -0.860032  3.21892
-0.302874  -0.979454  3.18377
-0.451887  -0.999037  3.00113
-0.46336  -1.00129  2.99153
-0.593993  -0.976277  2.82214
-0.531863  -0.892197  2.94001
-0.635971  -0.870744  2.81545
-0.64492  -0.884238  2.80239
-0.734117  -0.832494  2.66271
-0.602506  -0.897323  2.81387
-0.619297  -0.788539  2.79542
-0.721605  -0.753395  2.6318
-0.642911  -0.66348  2.72717
-0.527544  -0.649998  2.89614
-0.536982  -0.629046  2.88388
-0.385857  -0.646187  3.05196
-0.429974  -0.540991  3.07105
-0.584204  -0.714633  2.81876
-0.53273  -0.759582  2.97845
-0.475882  -0.653938  3.09343
-0.37321  -0.610324  3.12728
-0.263222  -0.764301  3.25577
-0.215353  -0.756247  3.2469
-0.2066  -0.749765  3.25747
-0.081544  -0.767972  3.48361
-0.0661957  -0.762643  3.50103
0.0367186  -0.792151  3.61872
0.108485  -0.819906  3.68791
0.171574  -0.850032  3.7772
0.192606  -0.857531  3.80538
0.00381159  -0.891492  3.55775
0.00689181  -0.905047  3.5672
0.0699535  -0.929701  3.66465
-0.254684  -0.94066  3.30418
-0.282708  -0.940641  3.24102
-0.217969  -0.887318  3.3762
-0.15958  -0.769607  3.40568
-0.296862  -0.832644  3.51219
-0.0475471  -0.952284  3.80305
-0.0372745  -0.93749  3.81764
0.0512937  -0.840695  3.92233
-0.3193  -0.80083  3.42172
-0.331048  -0.807192  3.429
-0.237014  -0.833744  3.53148
-0.189109  -0.855385  3.60505
-0.181007  -0.844081  3.61262
0.0528553  -0.73467  3.64802
-0.189771  -0.669285  3.26618
-0.0767792  -0.676283  3.25826
0.0129965  -0.681812  3.34551
-0.290246  -0.673605  3.08199
-0.460421  -0.621031  2.87945
-0.638881  -0.601625  2.7717
-0.75479  -0.563901  2.6214
-0.744224  -0.46681  2.53401
-0.437499  -0.460473  2.98998
-0.308746  -0.525627  3.17031
-0.24178  -0.572228  3.31178
-0.226752  -0.574199  3.33557
-0.0899313  -0.60624  3.59164
-0.0444216  -0.600215  3.67684
-0.330966  -0.574525  3.36476
-0.43864  -0.585533  3.47039
-0.603935  -0.558456  3.26323
-0.517887  -0.553164  3.33065
-0.402252  -0.541188  3.33126
-0.20252  -0.559992  3.46896
-0.0924609  -0.459832  3.5753
-0.082894  -0.462716  3.58016
-0.0206239  -0.512126  3.69121
-0.207741  -0.60419  3.48772
-0.367893  -0.616834  3.42697
-0.386635  -0.629617  3.56589
-0.101414  -0.746903  3.6681
0.0655346  -0.736216  3.9329
0.00482576  -0.679931  3.92926
0.0123987  -0.674998  3.94875
-0.0350316  -0.714489  4.08597
-0.282517  -0.823042  3.73205
-0.0664611  -0.724363  3.64013
-0.0309041  -0.731815  3.70078
-0.202445  -0.75267  3.44485
-0.0903587  -0.768173  3.44142
-0.27615  -0.741693  3.23052
-0.328984  -0.745111  3.34328
-0.346786  -0.763814  3.33197
-0.50098  -0.698986  3.25763
-0.384492  -0.688349  3.29071
-0.402156  -0.689639  3.28028
-0.328294  -0.667818  3.3973
-0.200703  -0.665118  3.41522
-0.144851  -0.652225  3.4389
0.0953511  -0.75759  3.7607
0.00333141  -0.657176  3.80929
0.00318823  -0.661921  3.82551
0.0769156  -0.644049  3.89094
0.188328  -0.653708  3.97896
0.235224  -0.652875  4.03307
0.26171  -0.649757  4.04716
0.386645  -0.699558  4.08977
0.409946  -0.705923  4.10583
-0.0270443  -0.678223  3.69415
-0.220008  -0.61991  3.42774
-0.228847  -0.629467  3.41464
-0.116025  -0.613896  3.65684
-0.0607834  -0.596641  3.74785
-0.0445559  -0.589183  3.74882
-0.0320426  -0.589021  3.78193
0.0120072  -0.646153  3.87979
0.0153246  -0.655598  3.88786
-0.251527  -0.653403  3.5881
-0.183013  -0.635121  3.66749
-0.194595  -0.636984  3.77152
-0.538005  -0.549423  3.28387
-0.433171  -0.527244  3.42426
-0.557769  -0.515497  3.23952
-0.58626  -0.516575  3.21562
-0.521666  -0.489643  3.32403
-0.416548  -0.476801  3.449
-0.557642  -0.444857  3.23142
-0.579266  -0.431305  3.20491
-0.687329  -0.442612  3.04465
-0.788223  -0.425217  2.93332
-0.819578  -0.410947  2.89617
-0.670723  -0.394424  3.06198
-0.689323  -0.381702  3.03501
-0.54283  -0.300459  3.32225
-0.408138  -0.328967  3.48558
-0.460279  -0.360963  3.25947
-0.356478  -0.385382  3.42416
-0.376327  -0.374784  3.40218
-0.268856  -0.399137  3.57323
-0.277571  -0.3922  3.46658
-0.350579  -0.328358  3.45789
-0.235051  -0.375673  3.57952
-0.246088  -0.365177  3.57605
-0.439466  -0.395417  3.30008
-0.44677  -0.39562  3.39488
-0.374336  -0.391033  3.51113
-0.219493  -0.43747  3.55056
-0.391997  -0.402869  3.34562
-0.415738  -0.405831  3.32196
-0.66398  -0.247667  2.98914
-0.739173  -0.267765  2.85937
-0.771793  -0.359039  2.81897
-0.936433  -0.316395  2.57149
-0.735644  -0.370442  2.85969
-0.629259  -0.368148  2.81563
-2.26173  -0.316118  3.52823
-0.519592  -0.335976  4.11661
-1.57909  -0.329963  4.35913
-2.6473  -0.289136  4.71915
-3.49646  -0.309343  5.00981
-3.99456  -0.295951  5.30675
-3.78513  -0.237367  5.46035
-4.96873  0.0602988  5.20872
-6.49754  0.358305  5.70892
-7.64237  0.206452  5.49149
-7.60213  0.0104804  5.61521
-7.36633  0.00492769  5.8331
-6.89115  0.105931  5.80386
-6.32115  0.524615  6.1059
-5.56562  0.971607  6.31816
-5.96408  1.107  6.45995
-7.00955  0.877796  6.25902
-7.79166  1.50464  6.10156
-9.77306  2.52606  6.33511
-10.6776  2.69266  6.27098
-12.2299  3.83364  7.02957
-14.6871  5.50869  8.15496
-16.4106  7.17657  9.41954
-17.7851  8.57413  10.8318
-17.7077  2.82004  10.2604
-30.2778  8.25481  20.2945
-34.8315  10.6138  23.2544
-37.8144  9.39733  23.0176
-40.2848  7.54514  23.3303
-42.5619  5.28199  22.9567
-45.6946  3.58798  23.0486
-47.5278  1.30034  22.7409
-51.6288  3.88616  25.0626
-52.8653  1.72857  24.5843
-53.7924  -0.253922  23.865
-55.331  -1.83957  23.5885
-59.3175  0.503222  25.9744
-59.2047  -1.78142  25.117
-58.6127  -4.43816  24.0278
-63.232  -1.95409  25.9222
-62.2179  -4.70375  24.9031
-61.1918  -7.14531  24.1673
-59.4033  -9.87615  23.094
-63.6559  -7.77894  24.948
-35.3594  -24.0268  11.2407
-58.5542  -12.7798  21.6314
-55.5172  -13.6179  20.1777
-53.3448  -13.6693  19.2825
-50.8966  -14.0267  18.2346
-49.2078  -14.0157  17.6952
-53.7085  -11.6146  19.4107
-50.4571  -12.2852  18.0721
-48.499  -12.3721  17.4309
-45.9938  -12.6308  16.1529
-50.5314  -9.822  17.1409
-50.2763  -8.94806  16.3415
-48.293  -9.52206  15.4644
-47.3409  -9.54631  14.6758
-45.9485  -10.1763  13.6481
-49.9563  -7.83225  13.9687
-47.8669  -8.9386  13
-46.8874  -9.81493  12.1085
-45.2577  -11.4172  11.5463
-18.3512  -30.5832  10.941
-43.2164  -17.5486  7.88193
-43.0207  -18.17  7.70153
-45.4544  -16.7659  6.98957
-44.232  -17.8128  7.14737
-43.7181  -18.1547  7.17811
-44.759  -18.8014  6.96539
-44.0456  -20.0272  7.97299
-43.1996  -20.6578  8.50816
-43.4041  -20.2364  8.72468
-42.5791  -20.457  8.84862
-44.4266  -19.0644  8.36226
-44.361  -19.4285  8.40509
-43.6921  -19.9691  8.93642
-43.3699  -20.1701  9.15137
-42.8822  -20.4713  9.75592
-22.7515  -34.9456  12.352
-35.9918  -22.9651  11.128
-35.5792  -22.7793  11.2877
-36.3826  -21.8303  11.4105
-34.8056  -22.7317  11.5735
-36.1285  -21.4789  11.555
-35.3745  -21.6291  11.6722
-34.8445  -21.4628  11.7266
-34.4505  -21.3605  11.7199
-22.9297  -42.1363  11.054
-32.8153  -12.9522  10.3411
-32.3137  -12.4583  10.249
-31.7816  -11.46  11.1117
-31.1829  -11.0775  10.8468
-30.6019  -11.5458  10.6495
-30.1157  -13.8089  10.5695
-29.9947  -13.5827  10.4586
-29.344  -13.727  10.2322
-35.3537  -41.8229  11.9492
-27.0196  -17.4329  12.0378
-26.3051  -17.3279  12.6354
-26.618  -18.1452  12.6631
-25.868  -17.0764  13.1416
-28.4224  -22.1298  12.3081
-28.4465  -22.3243  12.6749
-28.3953  -22.27  12.6856
-28.3795  -22.7647  12.5254
-34.2537  -37.3644  7.82622
-27.7003  -25.7323  10.8253
-26.739  -23.6661  11.0733
-26.8973  -24.4809  10.9542
-27.2935  -25.0767  10.7011
-26.8886  -24.4728  10.8491
-28.6347  -31.4572  8.66286
-27.9007  -30.5359  8.87365
-27.8716  -30.9657  8.70551
-27.8948  -31.0062  8.53328
-24.1416  -22.7561  10.2853
-30.6801  -40.0532  7.05993
-31.2977  -43.6649  6.66586
-26.0943  -15.2836  11.8947
-31.5027  -36.6139  9.67022
-31.3834  -40.8535  9.6136
-29.4488  -18.99  10.7923
-27.1662  -30.3268  11.9473
-27.1079  -30.1161  12.3596
-27.0154  -28.6931  12.2612
-25.3398  -17.1538  10.1053
-29.4924  -20.6468  11.5114
-30.2773  -20.7683  11.3791
-19.9533  -11.6585  11.5314
-30.4169  -21.759  10.2467
-30.9761  -21.964  9.95939
-31.7658  -23.0068  9.75467
-31.5571  -22.889  9.80645
-19.6708  -6.79655  12.6632
-33.5811  -20.7759  12.3183
-36.3204  -23.3113  12.3196
-35.8535  -22.9833  12.3924
-18.4051  -6.65018  13.9648
-30.7127  -16.2159  9.58792
-31.3696  -16.6848  9.04039
-32.2486  -17.6241  8.59254
-25.1767  -7.2822  14.0635
-26.7221  -12.1966  12.6774
-25.6915  -11.7052  13.4658
-25.1267  -11.5705  13.6869
-24.4085  -11.2007  14.3967
-40.204  -21.6625  11.8979
-11.1898  -10.8827  18.5321
-8.25811  -9.68997  18.9487
-7.19172  -9.26676  19.1092
-32.1463  -18.5773  12.6479
-2.18805  -14.5784  17.9654
-1.04668  -15.4717  18.3137
0.997842  -15.6321  18.6494
-28.1432  -12.3229  9.79303
3.1184  -20.7491  17.3196
5.71378  -21.919  17.9438
-19.0569  -14.2071  9.74452
1.20981  -15.4702  8.33723
2.13321  -15.2831  8.11646
3.1486  -15.3445  8.09397
2.23114  -14.9489  8.16255
-0.606353  -14.4595  8.3781
-15.6758  -13.8197  10.3776
-11.0665  -12.6452  12.8503
-11.0882  -12.5877  13.4414
-13.7305  -13.1917  8.64328
-16.9888  -8.35829  11.5563
-17.3756  -8.09899  11.2622
-16.9094  -7.42227  10.7676
-16.5369  -5.84152  11.3229
-16.3157  -8.06266  9.46844
-15.8378  -9.30232  8.7486
-16.0676  -9.29427  8.78157
-15.9295  -9.45272  9.05834
-15.5237  -9.93945  8.85826
-20.1345  -7.08129  12.0366
-16.3229  -7.58789  12.0285
-16.525  -7.41089  12.4148
-16.8751  -7.18479  12.6263
-19.8749  -6.97159  12.5237
-18.1274  -6.11622  13.0052
-18.3016  -6.02327  12.9655
-21.2612  -7.60372  11.7802
-19.265  -4.61166  14.1677
-19.2099  -4.29571  14.8124
-19.3888  -4.69176  14.8439
-18.8119  -6.24154  10.9092
-18.3448  -7.18571  13.642
-18.5285  -7.10153  14.0018
-18.004  -7.53676  12.0919
-20.1226  -5.0706  11.8858
-20.3429  -5.07655  11.8358
-20.4452  -5.13145  11.6196
-20.7105  -5.06968  11.5249
-19.0981  -6.51446  11.9715
-20.8406  -7.12771  12.4583
-21.3255  -7.13783  12.5117
-21.2506  -7.14404  12.7355
-21.0569  -7.18576  12.8312
-20.4125  -7.22192  12.8619
-18.2714  -7.10274  11.8779
-18.7651  -7.58785  12.7451
-18.807  -7.94687  12.8533
-18.8121  -7.98972  12.6454
-18.3129  -7.03351  12.0987
-17.6065  -8.77475  11.4216
-17.3029  -9.26584  11.0506
-16.8656  -9.98477  10.5532
-21.9527  -2.55102  14.3226
-17.9924  -11.2836  11.2796
-10.7305  -30.7357  3.37219
-20.6426  -8.67757  13.6555
-15.0532  -24.2029  2.95226
-14.0677  -26.9042  1.4209
-14.8616  -25.2101  2.75327
-15.3908  -23.7166  4.30837
-23.8592  -16.3988  11.5852
-23.6484  -13.8865  17.8594
-23.6812  -11.6365  20.1833
-24.6831  -11.1667  21.3286
-25.0382  -9.55083  22.3997
-25.952  -9.67492  23.0205
-22.0387  -30.021  5.82248
-20.3366  -13.7681  21.9947
-18.8398  -12.9101  21.7488
-18.6355  -11.3072  22.8655
-17.3362  -14.1036  20.0178
-13.9528  -19.1013  14.8124
-14.1082  -18.7479  14.8737
-0.723047  -28.4825  6.00421
-3.98313  -36.9733  -5.3668
-5.83555  -41.4029  -10.7066
-5.26675  -42.2352  -12.4111
-5.0488  -42.4212  -12.8278
1.06646  -16.3352  21.782
-16.047  -48.199  -9.90608
-16.5856  -55.3643  -16.1419
-20.1672  -25.251  15.5503
-22.5044  -53.6362  -9.42713
-22.1089  -57.4561  -13.1474
-22.5896  -54.0173  -10.3594
-23.4874  -50.7675  -7.49223
-24.1576  -52.7494  -9.74009
-26.6479  -30.458  8.77516
-30.3866  -38.1618  1.89302
-31.259  -37.5831  1.54021
-23.7408  -19.8076  14.8418
-26.4412  -12.564  1.88342
-26.2515  -9.82623  -1.39274
-25.4058  -9.01713  1.88322
-24.088  -7.77005  1.56644
-10.4898  -7.01219  13.0734
-11.6425  -8.58484  9.83302
-11.3309  -8.08554  10.078
-10.3024  -8.25338  9.77753
-8.55814  -4.34885  9.56944
-7.91022  -3.51027  9.94446
-7.96094  -3.03639  10.1375
-8.0656  -2.15922  10.0148
-10.2817  -6.97659  9.76033
-9.68419  -7.46117  10.4975
-9.75352  -5.78969  10.3058
-9.87517  -5.5658  10.0341
-9.8801  -4.6016  10.0062
-9.91964  -8.16293  9.93031
-9.53871  -9.11888  9.89734
-9.20357  -9.42254  10.2075
-9.40868  -8.98385  10.643
-9.34179  -9.07647  10.756
-9.35714  -8.48789  10.7795
-9.0727  -8.84054  10.9368
-8.98025  -9.10665  10.9749
-8.97029  -8.04244  11.0421
-8.86798  -7.20033  10.9992
-8.85855  -7.01688  10.9813
-9.1476  -7.90261  10.639
