41.71  27.38  -7.05
41.71  27.38  -7.05
41.67  27.41  -6.93
41.67  27.41  -6.93
41.67  27.41  -6.93
41.74  27.42  -7
41.74  27.42  -7
41.74  27.42  -7
41.74  27.42  -7
41.74  27.42  -7
41.96  27.56  -7
42.07  27.6  -7.01
42.12  27.64  -7.04
42.12  27.64  -7.04
42.09  27.61  -6.99
42.03  27.58  -6.95
42.06  27.58  -6.97
42.09  27.61  -7
42.09  27.61  -7
42.09  27.61  -7
42.09  27.61  -7
42.04  27.59  -6.98
42.04  27.59  -6.98
42.04  27.59  -6.98
42  27.61  -7.03
41.98  27.61  -7.03
41.96  27.58  -7.01
41.99  27.6  -7.03
41.98  27.61  -7.03
41.92  27.59  -7
41.97  27.61  -7.03
42.03  27.65  -7.05
42.03  27.65  -7.05
42.16  27.74  -7.11
42.12  27.75  -7.1
42.06  27.76  -7.07
42.06  27.76  -7.07
42.06  27.76  -7.07
42.06  27.76  -7.07
42.06  27.76  -7.07
42.06  27.76  -7.07
41.91  27.61  -7.01
41.91  27.61  -7.01
41.91  27.61  -7.01
41.91  27.61  -7.01
41.91  27.61  -7.01
41.91  27.61  -7.01
42.01  27.67  -7.04
41.95  27.6  -7.01
41.96  27.6  -7
41.96  27.6  -7
41.98  27.65  -7.03
41.96  27.66  -7.03
42.03  27.67  -7.04
41.97  27.6  -7.02
41.99  27.59  -7.01
41.92  27.59  -7
41.92  27.59  -7
41.92  27.59  -7
41.98  27.6  -7.02
41.98  27.6  -7.02
41.97  27.57  -7
41.88  27.52  -6.98
41.88  27.52  -6.98
41.89  27.53  -7
41.85  27.52  -6.97
41.85  27.52  -6.97
41.95  27.6  -7.02
42.1  27.68  -7.07
42.13  27.66  -7.07
41.95  27.57  -7
41.9  27.54  -6.98
41.89  27.53  -6.97
41.89  27.53  -6.97
41.89  27.53  -6.97
41.89  27.53  -6.97
41.92  27.53  -6.98
41.92  27.53  -6.98
41.92  27.53  -6.98
41.92  27.53  -6.98
41.92  27.53  -6.98
41.96  27.54  -6.97
41.86  27.5  -6.98
41.87  27.5  -6.97
41.85  27.49  -6.98
41.85  27.49  -6.98
41.93  27.51  -7.03
41.91  27.5  -6.99
41.93  27.51  -7
41.93  27.51  -7
41.95  27.51  -7.02
41.99  27.53  -7.06
41.97  27.51  -7.04
41.99  27.52  -7.06
41.99  27.52  -7.06
41.99  27.52  -7.06
42.05  27.55  -7.08
42.05  27.55  -7.08
42.05  27.55  -7.08
42.05  27.55  -7.08
42.05  27.55  -7.08
41.85  27.48  -6.94
42.02  27.51  -7.05
42.02  27.51  -7.05
41.98  27.5  -7.02
41.95  27.47  -6.99
41.96  27.47  -7
41.99  27.46  -7.01
41.94  27.46  -7
41.96  27.48  -7
41.96  27.48  -7
41.99  27.49  -7.02
41.93  27.47  -6.99
41.83  27.43  -6.97
41.87  27.45  -6.96
41.87  27.45  -6.96
41.87  27.45  -6.96
41.87  27.45  -6.96
41.87  27.45  -6.96
41.92  27.49  -7
41.92  27.49  -7
41.92  27.49  -7
41.92  27.49  -7
41.92  27.49  -7
41.92  27.49  -7
41.96  27.49  -7
41.86  27.44  -6.97
41.93  27.46  -6.99
41.95  27.48  -6.99
41.88  27.47  -6.98
41.88  27.47  -7
41.88  27.47  -7
41.85  27.46  -6.97
41.86  27.46  -6.98
41.9  27.48  -7
41.96  27.51  -7.03
41.96  27.51  -7.03
41.96  27.51  -7.03
41.96  27.51  -7.03
41.96  27.51  -7.03
41.96  27.51  -7.03
41.9  27.48  -6.99
41.9  27.48  -6.99
41.94  27.47  -7.01
41.94  27.47  -7.01
41.97  27.51  -7.04
41.83  27.43  -6.97
41.96  27.51  -7.03
41.97  27.52  -7.02
42.07  27.7  -7.13
41.98  27.62  -7.06
41.69  27.43  -7.03
41.99  27.6  -7.13
41.99  27.62  -7.12
37.73  51.7  -2.15
37.73  51.7  -2.15
37.73  51.7  -2.15
37.73  51.7  -2.15
38.76  44.74  -1.46
38.76  44.74  -1.46
38.76  44.74  -1.46
38.76  44.74  -1.46
38.76  44.74  -1.46
38.76  44.74  -1.46
38.76  44.74  -1.46
38.76  44.74  -1.46
38.76  44.74  -1.46
38.76  44.74  -1.46
38.76  44.74  -1.46
38.76  44.74  -1.46
38.76  44.74  -1.46
40.28  48.89  -2.67
40.28  48.89  -2.67
40.28  48.89  -2.67
40.28  48.89  -2.67
40.28  48.89  -2.67
40.28  48.89  -2.67
40.28  48.89  -2.67
40.28  48.89  -2.67
40.28  48.89  -2.67
40.28  48.89  -2.67
40.28  48.89  -2.67
40.28  48.89  -2.67
40.28  48.89  -2.67
38.59  44.98  -1.54
38.59  44.98  -1.54
38.59  44.98  -1.54
38.59  44.98  -1.54
38.59  44.98  -1.54
35.77  43.75  -0.53
35.77  43.75  -0.53
35.77  43.75  -0.53
35.77  43.75  -0.53
35.77  43.75  -0.53
35.77  43.75  -0.53
35.77  43.75  -0.53
35.77  43.75  -0.53
35.77  43.75  -0.53
35.77  43.75  -0.53
35.77  43.75  -0.53
35.77  43.75  -0.53
35.77  43.75  -0.53
35.51  39.66  -0.09
35.51  39.66  -0.09
35.51  39.66  -0.09
35.51  39.66  -0.09
35.51  39.66  -0.09
35.51  39.66  -0.09
35.51  39.66  -0.09
35.51  39.66  -0.09
35.51  39.66  -0.09
35.51  39.66  -0.09
35.51  39.66  -0.09
35.51  39.66  -0.09
35.51  39.66  -0.09
35.51  39.66  -0.09
33.8  41.55  2.41
33.8  41.55  2.41
33.8  41.55  2.41
33.8  41.55  2.41
33.8  41.55  2.41
33.8  41.55  2.41
33.8  41.55  2.41
33.8  41.55  2.41
33.8  41.55  2.41
33.8  41.55  2.41
33.8  41.55  2.41
33.8  41.55  2.41
33.8  41.55  2.41
33.8  41.55  2.41
33.8  41.55  2.41
33.8  41.55  2.41
38.8  52.41  0.29
38.8  52.41  0.29
38.8  52.41  0.29
38.8  52.41  0.29
38.8  52.41  0.29
38.8  52.41  0.29
38.8  52.41  0.29
38.8  52.41  0.29
38.8  52.41  0.29
38.8  52.41  0.29
38.8  52.41  0.29
38.8  52.41  0.29
38.8  52.41  0.29
38.8  52.41  0.29
36.69  42.94  -1.14
36.69  42.94  -1.14
36.69  42.94  -1.14
36.69  42.94  -1.14
36.69  42.94  -1.14
36.69  42.94  -1.14
36.69  42.94  -1.14
36.69  42.94  -1.14
36.69  42.94  -1.14
36.69  42.94  -1.14
36.69  42.94  -1.14
36.69  42.94  -1.14
36.69  42.94  -1.14
36.69  42.94  -1.14
36.69  42.94  -1.14
36.69  42.94  -1.14
35.38  46.12  -0.12
35.38  46.12  -0.12
35.38  46.12  -0.12
35.38  46.12  -0.12
35.38  46.12  -0.12
35.38  46.12  -0.12
35.38  46.12  -0.12
35.38  46.12  -0.12
35.38  46.12  -0.12
35.38  46.12  -0.12
35.38  46.12  -0.12
35.38  46.12  -0.12
35.38  46.12  -0.12
35.38  46.12  -0.12
35.38  46.12  -0.12
35.38  46.12  -0.12
36.44  43.68  0.09
36.44  43.68  0.09
36.44  43.68  0.09
36.44  43.68  0.09
36.44  43.68  0.09
35.17  48.76  -0.26
35.17  48.76  -0.26
35.17  48.76  -0.26
35.17  48.76  -0.26
35.17  48.76  -0.26
35.17  48.76  -0.26
35.17  48.76  -0.26
35.17  48.76  -0.26
35.17  48.76  -0.26
35.17  48.76  -0.26
35.17  48.76  -0.26
35.17  48.76  -0.26
35.17  48.76  -0.26
35.17  48.76  -0.26
35.17  48.76  -0.26
36.57  46.35  1.25
36.57  46.35  1.25
36.57  46.35  1.25
36.57  46.35  1.25
36.57  46.35  1.25
36.57  46.35  1.25
36.57  46.35  1.25
36.57  46.35  1.25
36.57  46.35  1.25
36.57  46.35  1.25
36.57  46.35  1.25
36.57  46.35  1.25
36.57  46.35  1.25
38.45  42.99  0.21
38.45  42.99  0.21
38.45  42.99  0.21
38.45  42.99  0.21
38.45  42.99  0.21
38.45  42.99  0.21
38.45  42.99  0.21
38.45  42.99  0.21
38.45  42.99  0.21
37.05  47.98  -0.05
37.05  47.98  -0.05
37.05  47.98  -0.05
37.05  47.98  -0.05
37.05  47.98  -0.05
37.05  47.98  -0.05
37.05  47.98  -0.05
37.05  47.98  -0.05
37.05  47.98  -0.05
37.05  47.98  -0.05
37.05  47.98  -0.05
37.05  47.98  -0.05
37.05  47.98  -0.05
37.05  47.98  -0.05
37.05  47.98  -0.05
37.05  47.98  -0.05
37.89  50.41  2.68
37.89  50.41  2.68
37.89  50.41  2.68
37.89  50.41  2.68
37.89  50.41  2.68
37.89  50.41  2.68
37.89  50.41  2.68
37.89  50.41  2.68
37.89  50.41  2.68
37.89  50.41  2.68
37.89  50.41  2.68
37.89  50.41  2.68
37.89  50.41  2.68
37.89  50.41  2.68
37.89  50.41  2.68
37.89  50.41  2.68
37.89  50.41  2.68
37.89  50.41  2.68
37.94  50.3  -0.57
37.94  50.3  -0.57
37.94  50.3  -0.57
37.94  50.3  -0.57
37.94  50.3  -0.57
37.94  50.3  -0.57
37.94  50.3  -0.57
37.94  50.3  -0.57
37.94  50.3  -0.57
37.94  50.3  -0.57
37.94  50.3  -0.57
37.94  50.3  -0.57
37.94  50.3  -0.57
37.94  50.3  -0.57
37.94  50.3  -0.57
37.94  50.3  -0.57
37.94  50.3  -0.57
37.94  50.3  -0.57
37.94  50.3  -0.57
37.94  50.3  -0.57
37.94  50.3  -0.57
37.94  50.3  -0.57
37.94  50.3  -0.57
37.94  50.3  -0.57
35.28  70.08  1.84
35.28  70.08  1.84
35.28  70.08  1.84
35.28  70.08  1.84
35.28  70.08  1.84
35.28  70.08  1.84
35.28  70.08  1.84
35.28  70.08  1.84
35.28  70.08  1.84
35.28  70.08  1.84
35.28  70.08  1.84
35.28  70.08  1.84
35.28  70.08  1.84
35.28  70.08  1.84
35.28  70.08  1.84
35.28  70.08  1.84
35.28  70.08  1.84
35.28  70.08  1.84
35.28  70.08  1.84
35.28  70.08  1.84
35.28  70.08  1.84
35.28  70.08  1.84
35.28  70.08  1.84
35.28  70.08  1.84
35.28  70.08  1.84
35.28  70.08  1.84
35.28  70.08  1.84
35.28  70.08  1.84
35.28  70.08  1.84
35.28  70.08  1.84
35.28  70.08  1.84
35.28  70.08  1.84
35.28  70.08  1.84
35.28  70.08  1.84
35.28  70.08  1.84
35.28  70.08  1.84
35.28  70.08  1.84
35.28  70.08  1.84
35.28  70.08  1.84
35.28  70.08  1.84
35.28  70.08  1.84
35.28  70.08  1.84
-21.3  83.92  -21.72
-21.3  83.92  -21.72
-21.3  83.92  -21.72
-21.3  83.92  -21.72
-21.3  83.92  -21.72
-12.23  87.79  -49.13
-10.31  90.42  -49.57
-10.31  90.42  -49.57
-10.31  90.42  -49.57
-10.31  90.42  -49.57
-10.31  90.42  -49.57
-10.31  90.42  -49.57
-10.31  90.42  -49.57
-10.23  88.81  -48.41
-10.23  88.81  -48.41
-10.23  88.81  -48.41
-10.23  88.81  -48.41
-10.23  88.81  -48.41
-11.98  88.5  -49.99
-11.98  88.5  -49.99
-11.98  88.5  -49.99
-11.98  88.5  -49.99
-11.98  88.5  -49.99
-11.98  88.5  -49.99
-11.98  88.5  -49.99
-11.98  88.5  -49.99
-11.98  88.5  -49.99
-11.98  88.5  -49.99
-8.07  87.3  -44.85
-8.07  87.3  -44.85
-8.07  87.3  -44.85
-8.07  87.3  -44.85
-8.07  87.3  -44.85
-8.07  87.3  -44.85
-8.07  87.3  -44.85
-8.07  87.3  -44.85
-15.43  90.66  -52.15
-15.43  90.66  -52.15
-15.43  90.66  -52.15
-15.43  90.66  -52.15
-15.43  90.66  -52.15
-15.43  90.66  -52.15
-15.43  90.66  -52.15
-15.43  90.66  -52.15
-15.43  90.66  -52.15
-15.43  90.66  -52.15
-15.43  90.66  -52.15
-15.43  90.66  -52.15
-15.43  90.66  -52.15
-15.43  90.66  -52.15
-15.43  90.66  -52.15
-11.56  85.66  -48.52
-11.56  85.66  -48.52
-11.56  85.66  -48.52
-11.56  85.66  -48.52
-11.56  85.66  -48.52
-11.56  85.66  -48.52
-11.56  85.66  -48.52
-11.56  85.66  -48.52
-11.56  85.66  -48.52
-11.56  85.66  -48.52
-11.56  85.66  -48.52
-10.73  85.47  -47.91
-10.73  85.47  -47.91
-10.73  85.47  -47.91
-10.73  85.47  -47.91
-10.73  85.47  -47.91
-10.73  85.47  -47.91
-12.16  89.02  -49.98
-12.16  89.02  -49.98
-12.16  89.02  -49.98
-12.16  89.02  -49.98
-12.16  89.02  -49.98
-12.16  89.02  -49.98
-12.16  89.02  -49.98
-12.16  89.02  -49.98
-12.16  89.02  -49.98
-12.16  89.02  -49.98
-12.16  89.02  -49.98
-12.16  89.02  -49.98
-12.16  89.02  -49.98
-12.16  89.02  -49.98
-12.16  89.02  -49.98
-11.26  87.62  -49.5
-11.26  87.62  -49.5
-11.26  87.62  -49.5
-11.26  87.62  -49.5
-11.26  87.62  -49.5
-11.26  87.62  -49.5
-11.26  87.62  -49.5
-11.26  87.62  -49.5
-11.26  87.62  -49.5
-11.26  87.62  -49.5
-9.03  86.09  -46.55
-9.03  86.09  -46.55
-9.03  86.09  -46.55
-9.03  86.09  -46.55
-9.03  86.09  -46.55
-9.03  86.09  -46.55
-9.03  86.09  -46.55
-9.03  86.09  -46.55
-9.03  86.09  -46.55
-9.03  86.09  -46.55
-9.03  86.09  -46.55
-6.65  86.67  -42.51
-6.65  86.67  -42.51
-6.65  86.67  -42.51
-6.65  86.67  -42.51
-6.65  86.67  -42.51
-6.65  86.67  -42.51
-6.65  86.67  -42.51
-6.65  86.67  -42.51
-6.65  86.67  -42.51
-6.65  86.67  -42.51
-6.65  86.67  -42.51
-6.65  86.67  -42.51
-6.65  86.67  -42.51
-6.65  86.67  -42.51
-10.5  90.27  -48.34
-10.5  90.27  -48.34
-10.5  90.27  -48.34
-10.5  90.27  -48.34
-10.5  90.27  -48.34
-10.5  90.27  -48.34
-10.5  90.27  -48.34
-10.5  90.27  -48.34
-10.5  90.27  -48.34
-10.5  90.27  -48.34
-10.5  90.27  -48.34
-10.5  90.27  -48.34
-10.5  90.27  -48.34
-10.08  87.14  -47.3
-10.08  87.14  -47.3
-10.08  87.14  -47.3
-10.08  87.14  -47.3
-10.08  87.14  -47.3
-10.08  87.14  -47.3
-10.08  87.14  -47.3
-10.08  87.14  -47.3
-10.08  87.14  -47.3
-9.18  87.47  -46.83
-9.18  87.47  -46.83
-9.18  87.47  -46.83
-9.18  87.47  -46.83
-9.18  87.47  -46.83
-9.18  87.47  -46.83
-9.18  87.47  -46.83
-9.18  87.47  -46.83
-9.18  87.47  -46.83
-9.18  87.47  -46.83
-9.18  87.47  -46.83
-9.18  87.47  -46.83
-9.18  87.47  -46.83
-9.18  87.47  -46.83
-9.18  87.47  -46.83
-9.18  87.47  -46.83
-9.18  87.47  -46.83
-9.18  87.47  -46.83
-9.18  87.47  -46.83
-9.18  87.47  -46.83
-9.18  87.47  -46.83
-9.18  87.47  -46.83
-9.18  87.47  -46.83
-9.18  87.47  -46.83
-9.18  87.47  -46.83
-9.18  87.47  -46.83
-9.18  87.47  -46.83
-9.18  87.47  -46.83
-9.18  87.47  -46.83
-9.18  87.47  -46.83
-9.18  87.47  -46.83
-9.18  87.47  -46.83
-9.18  87.47  -46.83
-9.18  87.47  -46.83
-9.18  87.47  -46.83
39.47  30.68  -7.35
39.47  30.68  -7.35
39.47  30.68  -7.35
39.47  30.68  -7.35
39.47  30.68  -7.35
39.47  30.68  -7.35
39.47  30.68  -7.35
39.47  30.68  -7.35
39.47  30.68  -7.35
44.63  28.24  -7.37
44.63  28.24  -7.37
44.63  28.24  -7.37
44.63  28.24  -7.37
44.63  28.24  -7.37
44.63  28.24  -7.37
44.63  28.24  -7.37
44.63  28.24  -7.37
44.63  28.24  -7.37
44.63  28.24  -7.37
44.63  28.24  -7.37
44.63  28.24  -7.37
47.49  27.43  -7.03
47.49  27.43  -7.03
47.49  27.43  -7.03
47.49  27.43  -7.03
47.49  27.43  -7.03
47.49  27.43  -7.03
47.49  27.43  -7.03
47.49  27.43  -7.03
47.49  27.43  -7.03
47.49  27.43  -7.03
47.49  27.43  -7.03
47.49  27.43  -7.03
49.28  24.69  0.72
49.28  24.69  0.72
49.28  24.69  0.72
49.28  24.69  0.72
49.28  24.69  0.72
49.28  24.69  0.72
49.28  24.69  0.72
49.28  24.69  0.72
49.28  24.69  0.72
49.28  24.69  0.72
49.28  24.69  0.72
49.28  24.69  0.72
49.28  24.69  0.72
49.28  24.69  0.72
49.28  24.69  0.72
49.28  24.69  0.72
47.32  26.02  5.56
47.32  26.02  5.56
47.32  26.02  5.56
47.32  26.02  5.56
47.32  26.02  5.56
47.32  26.02  5.56
47.32  26.02  5.56
47.32  26.02  5.56
47.32  26.02  5.56
47.32  26.02  5.56
47.32  26.02  5.56
46.96  26.79  0.42
46.96  26.79  0.42
46.96  26.79  0.42
46.96  26.79  0.42
46.96  26.79  0.42
47.61  27.66  -1.44
47.61  27.66  -1.44
47.61  27.66  -1.44
47.61  27.66  -1.44
47.61  27.66  -1.44
47.61  27.66  -1.44
47.61  27.66  -1.44
47.61  27.66  -1.44
48.15  25.76  0.47
48.15  25.76  0.47
48.15  25.76  0.47
48.15  25.76  0.47
48.15  25.76  0.47
48.62  24.37  -2.24
48.62  24.37  -2.24
48.62  24.37  -2.24
48.62  24.37  -2.24
48.62  24.37  -2.24
48.62  24.37  -2.24
48.62  24.37  -2.24
48.62  24.37  -2.24
48.62  24.37  -2.24
46.85  26.28  -5.26
46.85  26.28  -5.26
46.85  26.28  -5.26
46.85  26.28  -5.26
46.85  26.28  -5.26
46.85  26.28  -5.26
46.85  26.28  -5.26
45.36  27.3  -7.26
45.36  27.3  -7.26
45.36  27.3  -7.26
45.36  27.3  -7.26
45.36  27.3  -7.26
45.36  27.3  -7.26
45.36  27.3  -7.26
45.36  27.3  -7.26
45.36  27.3  -7.26
45.36  27.3  -7.26
45.36  27.3  -7.26
45.36  27.3  -7.26
45.48  27.29  -7.48
22.99  4.55  -9.22
23.13  4.59  -9.29
23.17  4.6  -9.3
23.01  4.56  -9.25
22.98  4.55  -9.23
23  4.55  -9.26
23.07  4.57  -9.28
22.91  4.53  -9.21
23.02  4.55  -9.26
23.02  4.55  -9.26
23.08  4.57  -9.29
23.11  4.59  -9.3
23.13  4.6  -9.3
23.15  4.61  -9.32
23.15  4.61  -9.32
23.15  4.61  -9.31
23.16  4.61  -9.32
23.16  4.61  -9.32
23.17  4.61  -9.32
23.17  4.61  -9.32
23.17  4.61  -9.32
23.2  4.62  -9.33
23.25  4.62  -9.34
23.23  4.61  -9.33
23  4.58  -9.23
23  4.58  -9.23
23  4.56  -9.24
23.03  4.56  -9.25
23.05  4.56  -9.27
23.05  4.56  -9.27
23  4.57  -9.24
23.02  4.57  -9.24
23.07  4.56  -9.29
23.1  4.57  -9.27
23.06  4.57  -9.26
23.06  4.57  -9.26
23  4.56  -9.26
23.02  4.57  -9.26
23.07  4.59  -9.27
23.1  4.61  -9.29
23.09  4.61  -9.28
23.05  4.61  -9.27
23.05  4.61  -9.27
22.97  4.58  -9.23
22.96  4.56  -9.24
23.06  4.58  -9.28
23.13  4.6  -9.29
23.05  4.59  -9.25
23.01  4.57  -9.25
23.01  4.58  -9.25
23.01  4.58  -9.25
23.04  4.59  -9.26
23.11  4.6  -9.28
23.19  4.62  -9.29
23.03  4.58  -9.25
23.02  4.58  -9.25
23.03  4.58  -9.25
23.03  4.58  -9.25
23.08  4.57  -9.29
23.14  4.59  -9.29
23.02  4.58  -9.23
23.02  4.59  -9.24
23.06  4.6  -9.27
23.11  4.63  -9.29
23.1  4.63  -9.28
23.09  4.62  -9.27
23.11  4.63  -9.27
23.15  4.64  -9.29
23.13  4.63  -9.28
23.1  4.63  -9.27
23.11  4.63  -9.28
23.14  4.63  -9.29
23.2  4.64  -9.31
23.12  4.63  -9.29
23.12  4.63  -9.29
23.08  4.63  -9.27
23.03  4.59  -9.24
23.02  4.57  -9.23
22.99  4.57  -9.24
23.03  4.59  -9.27
23.04  4.61  -9.27
23.04  4.61  -9.27
23.09  4.63  -9.28
23.11  4.64  -9.28
23.08  4.64  -9.28
23.08  4.63  -9.27
23.11  4.64  -9.28
23.12  4.64  -9.28
23.09  4.63  -9.27
23.02  4.6  -9.24
23.02  4.6  -9.24
23.01  4.6  -9.23
23.01  4.59  -9.25
23.06  4.6  -9.27
23.11  4.61  -9.29
23.11  4.61  -9.29
23.06  4.59  -9.25
23.06  4.6  -9.27
23.09  4.61  -9.28
23.08  4.61  -9.26
23.05  4.6  -9.26
23.05  4.6  -9.26
23.05  4.58  -9.27
23.05  4.58  -9.27
23.13  4.6  -9.29
23.25  4.63  -9.32
23.27  4.65  -9.33
23.15  4.63  -9.3
22.99  4.59  -9.23
22.99  4.59  -9.23
22.97  4.57  -9.23
22.98  4.58  -9.24
22.95  4.54  -9.25
23.02  4.58  -9.26
23.02  4.58  -9.26
23.08  4.61  -9.27
23.14  4.64  -9.29
23.12  4.64  -9.27
23.11  4.63  -9.27
23.11  4.63  -9.27
23.11  4.63  -9.26
23.12  4.63  -9.27
23.15  4.64  -9.28
23.13  4.64  -9.27
23.11  4.64  -9.26
23.11  4.64  -9.26
23.09  4.64  -9.25
23.12  4.64  -9.25
23.12  4.64  -9.27
23.12  4.64  -9.27
23.12  4.64  -9.27
23.12  4.64  -9.27
23.11  4.64  -9.27
23.09  4.63  -9.25
23.13  4.55  -9.21
23.13  4.55  -9.21
23.17  4.43  -9.13
23.29  4.36  -9.09
23.37  4.3  -9.04
23.37  4.3  -9.04
23.39  4.25  -8.93
23.3  4.17  -8.75
23.2  4.08  -8.56
23.15  3.97  -8.38
23.2  3.89  -8.21
23.31  3.81  -7.99
23.4  3.73  -7.77
23.4  3.73  -7.77
23.51  3.66  -7.61
23.43  3.57  -7.32
23.45  3.5  -7.11
23.4  3.44  -6.91
23.37  3.4  -6.75
23.23  3.34  -6.55
23.16  3.3  -6.4
23.18  3.23  -6.31
23.15  3.2  -6.23
23.13  3.2  -6.17
23.12  3.18  -6.14
23.12  3.18  -6.14
23.11  3.2  -6.16
23.02  3.18  -6.23
23.07  3.23  -6.31
23.23  3.32  -6.49
23.16  3.4  -6.64
23.1  3.46  -6.83
23.11  3.56  -7.01
23.08  3.68  -7.17
23.08  3.68  -7.17
23  3.79  -7.34
23.04  3.91  -7.51
23.03  4.04  -7.63
22.91  4.08  -7.78
22.89  4.14  -7.98
22.91  4.22  -8.18
22.91  4.22  -8.18
22.75  4.18  -8.37
22.72  4.22  -8.54
22.88  4.24  -8.86
22.91  4.33  -8.95
22.91  4.33  -8.95
23.03  4.36  -9.09
23.06  4.37  -9.13
23.1  4.4  -9.16
23.11  4.42  -9.16
23.06  4.41  -9.14
23.04  4.41  -9.09
23.04  4.41  -9.09
23  4.43  -8.99
22.99  4.43  -8.87
22.99  4.39  -8.6
22.99  4.39  -8.6
23  4.34  -8.36
23.08  4.33  -8.09
23.15  4.3  -7.78
23.15  4.3  -7.78
23.1  4.28  -7.42
23.18  4.28  -7.1
23.18  4.25  -6.79
23.18  4.25  -6.79
23.18  4.23  -6.47
23.16  4.22  -6.19
23.19  4.21  -5.97
23.19  4.19  -5.77
23.19  4.19  -5.77
23.17  4.17  -5.6
23.19  4.16  -5.47
23.12  4.09  -5.43
23.08  4.04  -5.39
23.08  4.04  -5.39
23.04  4.02  -5.34
23.08  4  -5.33
23.08  4  -5.33
23.04  4  -5.32
22.92  4.01  -5.33
22.85  4.01  -5.4
22.84  3.99  -5.54
22.84  3.99  -5.54
22.81  3.96  -5.72
22.78  3.96  -5.88
22.74  3.96  -6.07
22.74  3.96  -6.07
22.75  3.96  -6.28
22.79  4  -6.5
22.74  4.04  -6.69
22.77  4.1  -6.9
22.75  4.16  -7.11
22.83  4.23  -7.32
22.83  4.23  -7.32
22.82  4.28  -7.52
22.77  4.33  -7.7
22.65  4.35  -7.87
22.49  4.33  -8.06
22.51  4.33  -8.27
22.64  4.4  -8.43
22.81  4.4  -8.66
22.74  4.39  -8.71
22.71  4.37  -8.74
22.71  4.37  -8.74
22.69  4.35  -8.74
22.68  4.33  -8.69
22.67  4.29  -8.63
22.7  4.21  -8.61
22.7  4.21  -8.61
22.57  4.07  -8.31
22.57  4.07  -8.31
22.49  3.96  -8.16
22.28  3.83  -7.95
22.24  3.74  -7.76
22.34  3.64  -7.61
22.42  3.56  -7.39
22.42  3.56  -7.39
22.53  3.47  -7.19
22.61  3.26  -6.81
22.61  3.26  -6.81
22.65  3.14  -6.64
22.68  3.04  -6.49
22.66  2.95  -6.33
22.67  2.87  -6.21
22.67  2.87  -6.21
22.69  2.8  -6.11
22.54  2.71  -6.03
22.48  2.64  -5.97
22.72  2.62  -6.05
22.79  2.6  -6.1
22.79  2.6  -6.1
22.76  2.57  -6.11
22.72  2.59  -6.15
22.68  2.59  -6.22
22.63  2.56  -6.36
22.8  2.58  -6.56
22.79  2.6  -6.74
22.79  2.6  -6.74
22.73  2.61  -6.91
22.75  2.63  -7.11
22.76  2.69  -7.31
22.69  2.72  -7.52
22.69  2.72  -7.52
22.72  2.79  -7.7
22.82  2.87  -7.93
22.69  2.93  -8.05
22.75  3  -8.24
22.67  3.08  -8.32
22.67  3.08  -8.32
22.63  3.13  -8.43
22.57  3.15  -8.54
22.57  3.15  -8.54
22.55  3.18  -8.65
22.56  3.22  -8.74
22.59  3.25  -8.83
22.77  3.23  -9
22.8  3.24  -9.07
22.85  3.27  -9.12
22.89  3.29  -9.17
22.83  3.28  -9.14
22.83  3.28  -9.14
22.8  3.27  -9.13
22.8  3.26  -9.12
22.82  3.25  -9.1
22.82  3.25  -9.1
22.82  3.24  -9.08
22.85  3.22  -9.04
22.87  3.2  -8.98
22.87  3.17  -8.88
22.87  3.17  -8.88
22.87  3.13  -8.75
22.83  3.05  -8.64
22.83  3.05  -8.64
22.57  2.96  -8.37
22.71  2.94  -8.22
22.85  2.93  -8.04
22.87  2.89  -7.82
22.87  2.89  -7.82
22.93  2.87  -7.68
22.86  2.81  -7.46
22.87  2.78  -7.27
22.98  2.76  -7.09
22.98  2.76  -7.09
23.08  2.73  -6.98
23.19  2.71  -6.9
23.1  2.68  -6.77
23.1  2.68  -6.77
23.08  2.65  -6.67
23.14  2.66  -6.56
23.12  2.64  -6.47
23.12  2.64  -6.47
23.15  2.62  -6.42
23.19  2.62  -6.37
23.2  2.61  -6.32
23.21  2.62  -6.28
23.21  2.61  -6.2
23.14  2.63  -6.12
23.14  2.63  -6.12
23.04  2.63  -6.08
23.05  2.63  -6.09
23.03  2.66  -6.12
22.98  2.68  -6.16
22.98  2.68  -6.16
22.93  2.69  -6.23
22.88  2.7  -6.27
22.81  2.7  -6.36
22.88  2.72  -6.51
22.88  2.72  -6.51
22.97  2.76  -6.66
22.93  2.8  -6.79
22.93  2.8  -6.79
22.85  2.86  -6.93
22.84  2.92  -7.06
22.88  2.97  -7.22
22.84  3.02  -7.36
22.84  3.02  -7.36
22.82  3.11  -7.53
22.8  3.19  -7.73
22.83  3.31  -7.9
22.83  3.31  -7.9
22.81  3.39  -8.07
22.86  3.49  -8.26
22.9  3.6  -8.4
22.9  3.6  -8.4
22.95  3.7  -8.56
22.83  3.72  -8.69
22.83  3.72  -8.69
22.84  3.79  -8.87
22.96  3.9  -9.01
23.06  4  -9.11
23.13  4.04  -9.2
23.13  4.04  -9.2
23.13  4.08  -9.21
23.13  4.11  -9.19
23.16  4.11  -9.23
23.19  4.15  -9.25
23.2  4.18  -9.22
23.23  4.2  -9.22
23.21  4.2  -9.18
23.21  4.2  -9.18
23.23  4.14  -9.22
23.27  4.18  -9.16
23.31  4.2  -9.11
23.33  4.13  -9.07
23.29  4.09  -8.92
23.29  4.09  -8.92
23.23  4.01  -8.78
23.23  3.93  -8.64
23.27  3.86  -8.49
23.29  3.78  -8.33
23.34  3.69  -8.18
23.27  3.59  -7.97
23.27  3.59  -7.97
23.26  3.52  -7.76
23.28  3.46  -7.53
23.28  3.46  -7.53
23.37  3.38  -7.33
23.38  3.3  -7.12
23.42  3.23  -6.92
23.45  3.17  -6.72
23.48  3.11  -6.56
23.48  3.11  -6.56
23.36  3.02  -6.39
23.45  2.97  -6.26
23.5  2.93  -6.11
23.5  2.9  -5.97
23.5  2.9  -5.97
23.44  2.87  -5.84
23.4  2.8  -5.77
23.4  2.75  -5.72
23.4  2.75  -5.72
23.32  2.72  -5.65
23.25  2.68  -5.6
23.23  2.67  -5.55
23.22  2.63  -5.54
23.15  2.61  -5.54
23.07  2.59  -5.56
23.07  2.59  -5.56
22.98  2.59  -5.59
22.89  2.58  -5.64
22.86  2.56  -5.72
22.88  2.53  -5.84
22.89  2.51  -5.98
22.89  2.51  -5.98
22.9  2.51  -6.11
23.02  2.54  -6.3
23  2.57  -6.42
22.98  2.69  -6.73
23.07  2.85  -7.09
23.07  2.85  -7.09
23.05  2.94  -7.27
23.08  3  -7.51
23.09  3.1  -7.67
22.96  3.16  -7.84
22.96  3.16  -7.84
22.95  3.28  -8
22.96  3.38  -8.19
22.99  3.47  -8.35
23.01  3.56  -8.49
23.04  3.65  -8.61
23  3.72  -8.75
22.97  3.79  -8.84
23.05  3.84  -9
23.08  3.88  -9.11
23.08  3.88  -9.11
23.05  3.91  -9.18
22.87  3.93  -9.11
22.82  3.95  -9.07
22.82  3.95  -9.07
22.96  3.96  -9.01
22.96  3.96  -9.01
22.95  3.95  -8.9
22.88  3.91  -8.68
22.78  3.84  -8.48
22.96  3.81  -8.34
22.96  3.81  -8.34
22.93  3.77  -8.13
22.95  3.74  -7.99
23.01  3.71  -7.77
23.03  3.66  -7.59
23.03  3.66  -7.59
23.06  3.62  -7.39
23.13  3.57  -7.21
23.19  3.52  -7.05
23.19  3.52  -7.05
23.24  3.46  -6.93
23.18  3.4  -6.78
23.17  3.36  -6.67
23.17  3.36  -6.67
23.24  3.26  -6.29
23.09  3.21  -6.14
23.02  3.19  -6.03
22.99  3.16  -5.96
23.1  3.12  -5.93
23.1  3.12  -5.93
23.08  3.09  -5.91
23.29  4.36  -9.09
22.75  3  -8.24
23  2.57  -6.42
22.59  3.18  -7.46
22.55  3.29  -7.96
22.55  3.29  -7.96
22.55  3.37  -8.18
22.61  3.45  -8.42
22.61  3.45  -8.42
22.68  3.53  -8.64
22.62  3.57  -8.79
22.69  3.65  -8.98
22.69  3.65  -8.98
22.73  3.7  -9.11
22.83  3.74  -9.16
22.94  3.77  -9.22
22.98  3.78  -9.23
22.98  3.78  -9.23
22.98  3.78  -9.17
23  3.77  -9.13
22.94  3.76  -8.94
22.94  3.76  -8.94
22.94  3.76  -8.94
22.89  3.71  -8.78
23.11  3.52  -7.99
23.05  3.49  -7.69
23.05  3.49  -7.69
23.06  3.45  -7.45
23.1  3.42  -7.26
23.17  3.38  -7.02
23.2  3.36  -6.82
23.21  3.33  -6.66
23.21  3.33  -6.66
23.17  3.33  -6.45
23.15  3.28  -6.34
22.98  3.22  -6.21
22.98  3.22  -6.21
23.07  3.19  -6.17
23.09  3.17  -6.13
23.09  3.17  -6.13
22.81  3.11  -6
22.81  3.11  -6
22.96  3.09  -6.03
22.96  3.09  -6.03
22.75  3.02  -6.28
22.69  2.96  -6.44
22.7  2.93  -6.64
22.75  2.93  -6.82
22.71  2.93  -7.02
22.71  2.93  -7.02
22.74  2.96  -7.21
22.71  2.95  -7.41
22.72  3.01  -7.59
22.72  3.01  -7.59
22.7  3.04  -7.8
22.7  3.11  -7.99
22.73  3.18  -8.16
22.73  3.23  -8.34
22.73  3.23  -8.34
22.73  3.26  -8.5
22.71  3.32  -8.58
22.73  3.33  -8.7
22.73  3.33  -8.7
22.73  3.33  -8.7
22.76  3.37  -8.77
22.58  3.36  -8.84
22.55  3.37  -8.8
22.61  3.36  -8.77
22.61  3.36  -8.77
22.77  3.38  -8.73
23.02  3.41  -8.78
23.02  3.41  -8.78
23.14  3.41  -8.8
23.14  3.4  -8.79
23.11  3.38  -8.78
23.12  3.37  -8.79
23.12  3.37  -8.79
23.16  3.37  -8.8
22.91  3.24  -8.79
22.79  3.19  -8.8
22.79  3.19  -8.8
22.92  3.23  -8.92
22.92  3.23  -8.92
22.94  3.3  -9.16
22.93  3.33  -9.17
22.95  3.34  -9.21
23.02  3.36  -9.24
23.02  3.36  -9.24
23.02  3.35  -9.29
23.03  3.39  -9.29
23.04  3.42  -9.31
23.08  3.44  -9.34
23.08  3.44  -9.34
23.03  3.44  -9.38
23.06  3.51  -9.39
23.01  3.59  -9.4
23.01  3.67  -9.42
23.01  3.67  -9.42
23.06  3.75  -9.43
23.14  3.81  -9.44
23.14  3.77  -9.48
23.14  3.77  -9.48
23.14  3.78  -9.46
23.16  3.78  -9.49
23.13  3.77  -9.48
23.13  3.77  -9.48
23.11  3.77  -9.47
23.11  3.77  -9.47
23.08  3.76  -9.46
23.08  3.76  -9.46
23.12  3.77  -9.48
23.19  3.78  -9.51
23.2  3.8  -9.5
23.2  3.8  -9.5
23.24  3.82  -9.51
23.25  3.83  -9.53
23.24  3.83  -9.54
23.24  3.83  -9.54
23.22  3.82  -9.53
23.2  3.82  -9.53
23.21  3.83  -9.53
23.21  3.83  -9.53
23.21  3.83  -9.53
23.25  3.84  -9.55
23.28  3.83  -9.51
23.22  3.81  -9.49
23.22  3.81  -9.49
23.2  3.81  -9.48
23.21  3.82  -9.49
23.25  3.82  -9.5
23.31  3.83  -9.52
23.25  3.82  -9.51
23.25  3.82  -9.51
23.21  3.82  -9.48
23.22  3.82  -9.48
23.24  3.82  -9.49
23.29  3.83  -9.51
23.29  3.83  -9.51
23.24  3.82  -9.49
23.22  3.82  -9.49
23.24  3.82  -9.48
23.27  3.83  -9.48
23.27  3.83  -9.48
23.15  3.78  -9.42
23.04  3.74  -9.39
23.03  3.73  -9.38
23.03  3.73  -9.38
23.06  3.74  -9.38
23.12  3.77  -9.38
23.2  3.79  -9.39
23.32  3.73  -9.42
23.26  3.69  -9.37
23.26  3.69  -9.37
23.16  3.63  -9.25
23.15  3.59  -9.16
23.12  3.55  -9.05
23.08  3.48  -8.89
23.08  3.48  -8.89
23.08  3.39  -8.71
23.1  3.31  -8.57
23.1  3.31  -8.57
23.08  3.22  -8.37
23.07  2.84  -7.69
23.11  2.77  -7.58
23.06  2.66  -7.43
23.06  2.66  -7.43
23.13  2.58  -7.26
23.18  2.48  -7.13
23.19  2.4  -7.02
23.14  2.33  -6.88
23.14  2.33  -6.88
23.14  2.28  -6.79
23.2  2.25  -6.68
23.2  2.23  -6.58
23.12  2.15  -6.54
23.12  2.15  -6.54
22.99  2.12  -6.45
23.03  2.1  -6.45
23.07  2.09  -6.44
23.02  2.05  -6.48
22.89  1.97  -6.65
22.89  1.97  -6.65
22.84  2  -6.71
22.8  2.01  -6.79
22.75  2.01  -6.92
22.74  2.03  -7.06
22.74  2.03  -7.06
22.72  2.05  -7.22
22.76  2.07  -7.4
22.81  2.1  -7.62
22.81  2.1  -7.62
22.72  2.11  -7.83
22.73  2.14  -8.02
22.83  2.2  -8.24
22.83  2.2  -8.24
22.84  2.24  -8.43
22.66  2.25  -8.57
22.7  2.3  -8.75
22.7  2.3  -8.75
22.7  2.3  -8.75
22.74  2.33  -8.93
22.76  2.42  -9.41
22.83  2.44  -9.4
22.86  2.44  -9.41
22.86  2.44  -9.41
22.88  2.44  -9.44
22.93  2.44  -9.48
22.93  2.44  -9.48
23  2.45  -9.52
22.94  2.46  -9.51
22.86  2.47  -9.48
22.86  2.42  -9.49
22.86  2.42  -9.49
22.87  2.43  -9.5
22.82  2.44  -9.45
22.82  2.44  -9.45
22.83  2.45  -9.41
22.87  2.43  -9.41
22.71  2.41  -9.25
22.72  2.42  -9.18
22.75  2.31  -8.6
22.75  2.31  -8.6
22.82  2.28  -8.44
22.85  2.26  -8.25
22.85  2.26  -8.25
22.85  2.22  -7.91
22.85  2.22  -7.91
22.97  2.2  -7.76
23.01  2.19  -7.59
23.01  2.19  -7.59
23.05  2.15  -7.38
23.05  2.15  -7.38
23.1  2.13  -7.24
23.25  2.13  -7.12
23.27  2.14  -6.98
23.1  2.1  -6.84
23.02  2.08  -6.74
23.02  2.08  -6.74
23.18  2.1  -6.69
23.18  2.1  -6.69
23.27  2.13  -6.49
23.24  2.16  -6.47
23.14  2.17  -6.46
23.14  2.17  -6.46
23.11  2.19  -6.47
23.12  2.21  -6.51
23.09  2.23  -6.59
23.09  2.23  -6.59
23.13  2.27  -6.72
23.01  2.31  -6.77
22.86  2.32  -6.85
22.87  2.37  -7.18
22.87  2.37  -7.18
22.86  2.39  -7.34
22.85  2.42  -7.54
22.85  2.42  -7.54
22.88  2.48  -7.73
22.81  2.53  -7.88
22.84  2.6  -8.07
22.88  2.66  -8.23
22.88  2.66  -8.23
22.95  2.94  -8.87
22.84  3.01  -8.98
22.82  3.1  -9.09
22.82  3.1  -9.09
22.81  3.14  -9.19
22.89  3.2  -9.25
22.95  3.23  -9.32
22.95  3.23  -9.32
22.94  3.24  -9.38
23  3.29  -9.4
23  3.29  -9.4
23  3.34  -9.4
23  3.34  -9.4
23  3.35  -9.41
23.03  3.39  -9.42
22.88  3.39  -9.38
22.88  3.39  -9.38
22.73  3.39  -9.31
22.73  3.39  -9.31
22.87  3.44  -8.88
22.91  3.41  -8.68
22.97  3.39  -8.54
22.98  3.33  -8.29
23  3.3  -8.08
23  3.27  -7.88
23  3.27  -7.88
23.04  3.26  -7.74
22.97  3.23  -7.5
22.99  3.19  -7.31
23.04  3.17  -7.17
23.08  3.16  -6.94
23.16  3.14  -6.9
23.16  3.14  -6.9
23.23  3.13  -6.87
23.13  3.15  -6.83
23.02  3.16  -6.82
22.92  3.13  -6.91
22.92  3.13  -6.91
22.95  3.17  -7.66
22.95  3.2  -7.93
22.93  3.28  -8.18
22.87  3.37  -8.41
22.87  3.37  -8.41
22.86  3.47  -8.62
22.93  3.59  -8.85
22.94  3.71  -9.02
22.94  3.71  -9.02
22.89  3.77  -9.2
22.94  3.89  -9.3
22.99  3.97  -9.38
23.07  4.04  -9.45
23.07  4.04  -9.45
23.09  4.09  -9.47
23.11  4.12  -9.47
23.11  4.12  -9.47
23.11  4.12  -9.47
23.06  4.15  -9.41
23  4.09  -8.78
23  4.09  -8.78
23.03  4.07  -8.64
22.96  4.02  -8.37
23.02  4.02  -8.09
23.11  3.99  -7.89
23.11  3.99  -7.89
23.34  3.94  -7.57
23.34  3.94  -7.57
23.42  3.91  -7.3
23.46  3.87  -7.16
23.46  3.87  -7.16
23.51  3.86  -7.07
23.45  3.79  -7.07
23.45  3.79  -7.07
23.4  3.73  -7.15
23.46  3.7  -7.24
23.5  3.66  -7.38
23.44  3.63  -7.53
23.25  3.73  -8.8
23.25  3.73  -8.8
23.19  3.82  -9.06
23.22  3.91  -9.3
23.31  4.02  -9.49
23.31  4.02  -9.49
23.36  4.08  -9.59
23.43  4.16  -9.51
23.53  4.23  -9.52
23.57  4.26  -9.5
23.57  4.26  -9.5
23.6  4.26  -9.53
23.49  4.21  -9.34
23.51  4.18  -9.31
23.2  4.13  -9.05
23.3  4.06  -8.79
23.3  4.06  -8.79
23.3  4.06  -8.79
23.36  3.97  -8.53
23.54  3.62  -7.45
23.49  3.53  -7.14
23.47  3.45  -6.89
23.43  3.37  -6.68
23.43  3.37  -6.68
23.44  3.28  -6.51
23.44  3.28  -6.51
23.22  3.07  -6.18
23.22  3.07  -6.18
23.28  2.98  -6.1
23.15  2.87  -5.97
23.15  2.87  -5.97
23.09  2.79  -5.89
23.09  2.79  -5.89
23.18  2.7  -5.81
23.2  2.61  -5.74
23.2  2.61  -5.74
23.21  2.52  -5.65
23.21  2.52  -5.65
23.25  2.45  -5.56
23.16  2.07  -5.3
23.14  1.98  -5.26
23.16  1.88  -5.23
23.16  1.88  -5.23
23.19  1.79  -5.2
23.18  1.61  -5.1
23.22  1.54  -5.07
23.22  1.54  -5.07
23.25  1.5  -5.03
23.2  1.43  -4.99
23.16  1.38  -4.97
23.17  1.35  -4.95
23.17  1.35  -4.95
23.2  1.32  -4.94
23.23  1.29  -4.98
23.19  1.28  -5.03
23.17  1.27  -5.1
23.17  1.27  -5.1
23.17  1.27  -5.1
23.17  1.25  -5.2
23.14  1.24  -6.05
23.14  1.24  -6.05
23.14  1.29  -6.26
23.17  1.34  -6.5
23.28  1.4  -6.73
23.31  1.48  -6.94
23.25  1.56  -7.13
23.25  1.56  -7.13
23.25  1.56  -7.13
23.28  1.66  -7.36
23.36  1.76  -7.57
23.4  1.86  -7.76
23.4  1.86  -7.76
23.37  1.96  -7.93
23.35  2.06  -8.08
23.25  2.13  -8.25
23.25  2.13  -8.25
23.25  2.13  -8.25
23.12  2.23  -8.39
23.12  2.23  -8.39
23.24  2.75  -8.97
23.36  2.82  -9.12
23.36  2.86  -9.28
23.36  2.95  -9.31
23.36  2.95  -9.31
23.42  3.02  -9.37
23.48  3.09  -9.41
23.53  3.14  -9.44
23.59  3.23  -9.5
23.63  3.24  -9.5
23.63  3.24  -9.5
23.63  3.25  -9.53
23.62  3.23  -9.57
23.56  3.24  -9.55
23.53  3.24  -9.54
23.53  3.24  -9.54
23.44  3.23  -9.55
23.44  3.23  -9.55
23.44  3.23  -9.55
23.51  3.25  -9.55
23.62  3.34  -9.61
23.64  3.33  -9.65
23.64  3.33  -9.65
23.58  3.31  -9.61
23.58  3.31  -9.61
23.51  3.27  -9.6
23.5  3.29  -9.6
23.51  3.31  -9.61
23.51  3.31  -9.61
23.61  3.33  -9.65
23.77  3.36  -9.7
23.75  3.38  -9.71
23.75  3.38  -9.71
23.79  3.39  -9.72
23.79  3.39  -9.72
23.72  3.39  -9.72
23.37  3.47  -9.6
23.36  3.56  -9.57
23.34  3.62  -9.53
23.34  3.62  -9.53
23.37  3.66  -9.49
23.41  3.66  -9.49
23.41  3.66  -9.49
23.39  3.69  -9.43
23.47  3.72  -9.41
23.61  3.77  -9.4
23.66  3.79  -9.35
23.72  3.82  -9.3
23.72  3.82  -9.3
23.75  3.88  -9.19
23.73  3.9  -9.13
23.85  3.95  -9.08
23.82  3.97  -8.96
23.82  3.97  -8.96
23.82  3.97  -8.96
23.82  3.97  -8.96
23.82  3.97  -8.96
23.94  3.96  -8.71
24.04  3.77  -7.54
24.04  3.77  -7.54
24.18  3.7  -7.28
24.13  3.65  -6.93
24.13  3.65  -6.93
24.07  3.54  -6.3
24.07  3.54  -6.3
24.03  3.47  -6
24.02  3.4  -5.74
24.02  3.4  -5.74
24.02  3.34  -5.49
23.97  3.27  -5.24
23.96  3.19  -5.01
23.94  3.12  -4.8
23.94  3.12  -4.8
23.94  3.12  -4.8
23.86  3.06  -4.6
23.57  2.8  -3.79
23.53  2.76  -3.67
23.49  2.73  -3.6
23.47  2.7  -3.56
23.51  2.7  -3.57
23.51  2.7  -3.57
23.44  2.64  -3.64
23.3  2.61  -3.9
23.3  2.61  -3.9
23.27  2.61  -4.12
23.22  2.64  -4.36
23.14  2.67  -4.64
23.15  2.68  -4.97
23.17  2.74  -5.34
23.17  2.74  -5.34
23.17  2.81  -5.68
23.17  2.81  -5.68
23.19  2.91  -5.99
23.19  2.91  -5.99
23.42  3.52  -7.22
23.56  3.71  -7.44
23.61  3.87  -7.55
23.68  4.03  -7.6
23.68  4.14  -7.54
23.78  4.26  -7.5
23.78  4.26  -7.5
23.84  4.36  -7.48
23.7  4.36  -7.44
23.76  4.45  -7.29
23.76  4.45  -7.29
23.96  4.55  -7.25
23.94  4.62  -7.15
23.94  4.62  -7.15
23.97  4.73  -7.09
23.97  4.73  -7.09
23.97  4.73  -7.09
23.99  4.79  -7.09
24  4.9  -6.78
24.03  4.89  -6.77
24.04  4.89  -6.72
24.04  4.89  -6.72
23.97  4.85  -6.69
23.96  4.83  -6.67
24  4.81  -6.68
24.08  4.81  -6.7
23.98  4.75  -6.7
23.85  4.67  -6.72
23.85  4.67  -6.72
23.78  4.59  -6.78
23.72  4.5  -6.88
23.68  4.37  -7.03
23.62  4.25  -7.23
23.62  4.25  -7.23
23.62  4.25  -7.23
23.57  4.14  -7.41
23.77  3.99  -9.25
23.8  4.02  -9.42
23.8  4.02  -9.42
23.74  4.03  -9.44
23.73  4.04  -9.48
23.79  4.09  -9.52
23.87  4.13  -9.57
23.88  4.19  -9.6
23.86  4.25  -9.61
23.92  4.3  -9.63
23.92  4.3  -9.63
23.99  4.36  -9.63
24.03  4.4  -9.63
24.1  4.43  -9.66
24.1  4.43  -9.66
24.1  4.43  -9.66
24.19  4.47  -9.69
24.19  4.47  -9.69
24.06  4.4  -9.65
24.05  4.4  -9.66
24.13  4.42  -9.68
24.13  4.42  -9.68
24.22  4.46  -9.72
24.36  4.48  -9.76
24.26  4.47  -9.75
24.05  4.45  -9.67
23.94  4.4  -9.62
23.8  4.33  -9.63
23.8  4.33  -9.63
23.97  4.38  -9.62
23.92  4.37  -9.63
23.91  4.39  -9.59
23.93  4.41  -9.58
23.93  4.41  -9.58
24  4.42  -9.64
24.07  4.39  -9.67
24.07  4.39  -9.67
24.12  4.39  -9.68
24.16  4.4  -9.7
24.26  4.41  -9.71
24.26  4.41  -9.71
24.12  4.4  -9.69
24.01  4.39  -9.65
23.9  4.39  -9.6
23.92  4.37  -9.63
23.92  4.37  -9.63
24.01  4.4  -9.65
24.06  4.44  -9.67
24.07  4.45  -9.67
24.05  4.45  -9.66
24.08  4.45  -9.66
24.08  4.45  -9.66
24.08  4.45  -9.66
24.13  4.46  -9.68
23.96  4.4  -9.63
23.96  4.4  -9.63
24  4.4  -9.68
24.03  4.41  -9.67
23.96  4.4  -9.62
23.95  4.39  -9.6
23.95  4.39  -9.6
23.95  4.4  -9.59
23.95  4.4  -9.59
23.99  4.4  -9.59
23.95  4.37  -9.65
23.96  4.4  -9.62
23.93  4.38  -9.65
23.95  4.39  -9.64
23.95  4.39  -9.64
23.95  4.39  -9.64
23.72  4.36  -9.59
24.06  4.41  -9.67
23.99  4.39  -9.65
23.88  4.37  -9.61
23.91  4.37  -9.63
23.99  4.39  -9.67
23.99  4.39  -9.67
23.99  4.39  -9.67
24.01  4.38  -9.66
23.97  4.39  -9.66
24.06  4.41  -9.67
24.06  4.41  -9.67
24.11  4.44  -9.7
24.2  4.47  -9.74
24.1  4.45  -9.74
24.01  4.42  -9.67
23.9  4.36  -9.66
23.9  4.36  -9.66
23.92  4.38  -9.61
23.92  4.38  -9.61
23.96  4.4  -9.66
23.88  4.37  -9.67
23.94  4.4  -9.66
23.94  4.4  -9.66
23.91  4.37  -9.65
24.04  4.4  -9.66
24  4.38  -9.69
23.97  4.39  -9.67
23.97  4.39  -9.67
23.98  4.39  -9.66
23.93  4.37  -9.69
23.93  4.37  -9.69
23.95  4.4  -9.65
23.97  4.4  -9.66
24.01  4.42  -9.67
24.01  4.42  -9.67
24.01  4.42  -9.67
24.06  4.45  -9.69
23.99  4.45  -9.66
23.99  4.43  -9.66
23.99  4.43  -9.66
23.99  4.43  -9.66
24.01  4.42  -9.66
24.01  4.42  -9.66
23.94  4.38  -9.66
23.89  4.38  -9.64
23.95  4.4  -9.65
24.02  4.41  -9.67
24.1  4.43  -9.7
24.08  4.45  -9.71
24.08  4.45  -9.71
24.13  4.46  -9.72
24.09  4.46  -9.72
24.04  4.45  -9.71
24.04  4.45  -9.71
23.99  4.44  -9.69
23.99  4.44  -9.69
23.95  4.4  -9.69
23.95  4.4  -9.69
23.95  4.4  -9.68
23.93  4.39  -9.69
23.96  4.41  -9.69
23.97  4.4  -9.68
23.95  4.4  -9.69
23.94  4.39  -9.67
23.92  4.39  -9.66
23.92  4.39  -9.66
23.93  4.4  -9.67
23.97  4.41  -9.68
23.97  4.36  -9.72
23.97  4.36  -9.72
24.01  4.39  -9.72
24.01  4.39  -9.72
24.01  4.39  -9.72
24.01  4.39  -9.72
23.98  4.39  -9.7
24.11  4.39  -9.73
24.15  4.43  -9.77
24.15  4.43  -9.77
24.18  4.44  -9.78
24.21  4.45  -9.78
24.21  4.45  -9.78
24.24  4.45  -9.79
24.26  4.46  -9.8
24.22  4.45  -9.8
24.22  4.45  -9.8
24.08  4.43  -9.77
23.99  4.42  -9.71
23.99  4.42  -9.71
23.91  4.36  -9.69
24.02  4.37  -9.69
23.89  4.32  -9.66
23.89  4.32  -9.66
23.8  4.29  -9.64
23.8  4.36  -9.63
23.84  4.37  -9.66
23.93  4.35  -9.63
23.93  4.35  -9.63
23.97  4.35  -9.62
23.96  4.36  -9.65
23.95  4.36  -9.64
23.89  4.34  -9.64
23.89  4.34  -9.64
24.01  4.34  -9.59
24.05  4.36  -9.62
24.01  4.34  -9.6
23.97  4.35  -9.53
24.04  4.34  -9.62
24.03  4.26  -9.62
24.03  4.26  -9.62
24.09  4.26  -9.57
24.09  4.26  -9.57
24.07  4.33  -9.65
24.09  4.35  -9.63
24.09  4.35  -9.63
24.03  4.38  -9.57
24.03  4.38  -9.57
24.03  4.38  -9.57
24.03  4.37  -9.62
24.04  4.46  -9.46
23.78  4.43  -9.5
23.68  4.39  -9.54
23.94  4.38  -9.56
23.94  4.38  -9.56
24.05  4.39  -9.5
24.09  4.42  -9.41
24.16  4.41  -9.46
24.16  4.41  -9.46
24.11  4.42  -9.45
24.08  4.4  -9.46
24.08  4.4  -9.46
24.09  4.38  -9.45
24.09  4.39  -9.37
24.1  4.5  -9.28
24.1  4.5  -9.28
24.05  4.51  -9.27
24.05  4.51  -9.27
24.05  4.51  -9.27
23.98  4.51  -9.25
23.87  4.54  -9.22
23.85  4.55  -9.22
23.85  4.55  -9.22
23.84  4.56  -9.22
23.78  4.61  -9.2
23.76  4.63  -9.23
23.76  4.63  -9.23
23.79  4.59  -9.32
23.79  4.59  -9.3
23.85  4.57  -9.39
23.78  4.62  -9.37
23.78  4.62  -9.37
23.8  4.67  -9.36
23.77  4.62  -9.32
23.71  4.61  -9.28
23.73  4.61  -9.29
23.73  4.61  -9.29
23.73  4.61  -9.29
23.73  4.61  -9.29
23.73  4.61  -9.29
23.73  4.59  -9.26
23.51  4.57  -9.16
23.6  4.57  -9.22
23.74  4.53  -9.27
23.72  4.57  -9.25
23.81  4.57  -9.27
23.81  4.57  -9.27
24.03  4.49  -9.38
23.94  4.51  -9.33
24.02  4.48  -9.38
23.94  4.51  -9.29
23.95  4.51  -9.29
23.95  4.51  -9.29
23.95  4.51  -9.29
23.95  4.51  -9.29
23.86  4.62  -9.27
23.86  4.62  -9.27
23.97  4.56  -9.34
23.86  4.64  -9.28
23.89  4.62  -9.3
23.74  4.69  -9.21
23.74  4.69  -9.21
23.74  4.69  -9.21
23.74  4.69  -9.21
23.74  4.69  -9.21
23.76  4.69  -9.21
23.84  4.57  -9.31
23.84  4.57  -9.31
23.91  4.52  -9.39
23.94  4.49  -9.38
23.94  4.49  -9.38
23.94  4.49  -9.38
23.94  4.49  -9.38
23.94  4.49  -9.38
23.72  4.59  -9.27
23.88  4.31  -9.32
23.88  4.31  -9.32
23.55  4.41  -9.17
23.57  4.37  -9.16
23.57  4.37  -9.16
23.57  4.37  -9.16
23.57  4.37  -9.16
23.57  4.37  -9.16
23.57  4.37  -9.16
24.81  3.62  -9.79
24.81  3.62  -9.79
24.81  3.62  -9.79
24.81  3.62  -9.79
24.81  3.62  -9.79
24.81  3.62  -9.79
24.81  3.62  -9.79
24.81  3.62  -9.79
24.81  3.62  -9.79
24.81  3.62  -9.79
24.81  3.62  -9.79
24.81  3.62  -9.79
24.81  3.62  -9.79
24.81  3.62  -9.79
24.81  3.62  -9.79
24.81  3.62  -9.79
24.81  3.62  -9.79
23.55  4.25  -9.05
23.55  4.25  -9.05
23.55  4.25  -9.05
23.55  4.25  -9.05
23.55  4.25  -9.05
23.7  4.28  -9.13
23.7  4.28  -9.13
23.7  4.28  -9.13
23.7  4.28  -9.13
23.66  4.12  -9.16
23.66  4.12  -9.16
23.66  4.12  -9.16
23.66  4.12  -9.16
23.66  4.12  -9.16
23.66  4.12  -9.16
23.66  4.12  -9.16
23.66  4.12  -9.16
23.66  4.12  -9.16
23.94  4.23  -9.2
23.94  4.23  -9.2
23.94  4.23  -9.2
23.94  4.23  -9.2
23.94  4.23  -9.2
23.94  4.23  -9.2
23.94  4.23  -9.2
23.94  4.23  -9.2
23.7  4.77  -9.16
23.7  4.77  -9.16
23.7  4.77  -9.16
23.7  4.77  -9.16
23.7  4.77  -9.16
23.7  4.77  -9.16
23.7  4.77  -9.16
23.7  4.77  -9.16
23.7  4.77  -9.16
24.56  4.29  -9.41
24.56  4.29  -9.41
24.56  4.29  -9.41
23.98  4.25  -9.51
23.98  4.25  -9.51
23.98  4.25  -9.51
23.98  4.25  -9.51
23.98  4.25  -9.51
23.98  4.25  -9.51
23.98  4.25  -9.51
23.98  4.25  -9.51
23.98  4.25  -9.51
23.98  4.25  -9.51
23.98  4.25  -9.51
23.98  4.25  -9.51
23.98  4.25  -9.51
23.98  4.25  -9.51
23.95  4.18  -9.52
23.95  4.18  -9.52
23.95  4.18  -9.52
23.95  4.18  -9.52
23.95  4.18  -9.52
23.95  4.18  -9.52
23.95  4.18  -9.52
23.95  4.18  -9.52
23.95  4.18  -9.52
23.95  4.18  -9.52
23.8  4.38  -9.4
23.8  4.38  -9.4
23.8  4.38  -9.4
23.8  4.38  -9.4
23.8  4.38  -9.4
24.51  4.72  -7.83
24.51  4.72  -7.83
24.51  4.72  -7.83
24.51  4.72  -7.83
24.51  4.72  -7.83
24.51  4.72  -7.83
24.51  4.72  -7.83
24.51  4.72  -7.83
24.51  4.72  -7.83
24.51  4.72  -7.83
24.4  5.42  -5.51
24.4  5.42  -5.51
24.4  5.42  -5.51
24.4  5.42  -5.51
24.4  5.42  -5.51
23.46  5.75  -4.25
23.46  5.75  -4.25
23.46  5.75  -4.25
23.46  5.75  -4.25
23.46  5.75  -4.25
23.46  5.75  -4.25
23.46  5.75  -4.25
23.19  5.64  -9.32
23.19  5.64  -9.32
23.19  5.64  -9.32
23.19  5.64  -9.32
23.19  5.64  -9.32
23.19  5.64  -9.32
23.43  6.21  -9.5
23.43  6.21  -9.5
23.43  6.21  -9.5
23.43  6.21  -9.5
23.43  6.21  -9.5
23.59  6.04  -9.75
23.59  6.04  -9.75
23.35  6.22  -9.52
23.35  6.22  -9.52
23.35  6.22  -9.52
23.35  6.22  -9.52
23.35  6.22  -9.52
23.35  6.22  -9.52
23.35  6.22  -9.52
23.35  6.22  -9.52
23.35  6.22  -9.52
23.35  6.22  -9.52
23.35  6.22  -9.52
23.35  6.22  -9.52
23.35  6.22  -9.52
23.35  6.22  -9.52
23.15  6.05  -9.67
23.15  6.05  -9.67
23.15  6.05  -9.67
23.15  6.05  -9.67
23.15  6.05  -9.67
23.15  6.05  -9.67
23.15  6.05  -9.67
23.15  6.05  -9.67
23.15  6.05  -9.67
23.15  6.05  -9.67
23.15  6.05  -9.67
23.15  6.05  -9.67
23.15  6.05  -9.67
23.15  6.05  -9.67
23.15  6.05  -9.67
23.15  6.05  -9.67
23.5  6.14  -9.42
23.5  6.14  -9.42
23.5  6.14  -9.42
23.5  6.14  -9.42
23.5  6.14  -9.42
23.5  6.14  -9.42
23.5  6.14  -9.42
23.5  6.14  -9.42
23.5  6.14  -9.42
23.5  6.14  -9.42
23.5  6.14  -9.42
23.5  6.14  -9.42
23.5  6.14  -9.42
23.44  6.38  -9.4
23.44  6.38  -9.4
23.44  6.38  -9.4
23.44  6.38  -9.4
