17.1  14.67  5.24
17.1  14.67  5.24
16.86  14.58  5
16.85  14.56  4.99
16.86  14.56  4.98
16.9  14.54  4.75
16.9  14.54  4.68
16.9  14.54  4.68
16.89  14.54  4.64
16.89  14.54  4.62
16.89  14.54  4.59
16.89  14.54  4.55
16.89  14.54  4.52
16.89  14.54  4.52
16.89  14.54  4.5
16.89  14.53  4.47
16.86  14.51  4.44
16.9  14.35  4.18
16.86  14.33  4.15
16.86  14.33  4.15
16.85  14.33  4.15
16.76  14.38  4.17
16.74  14.39  4.19
16.74  14.39  4.19
16.74  14.39  4.2
16.73  14.39  4.22
16.73  14.39  4.23
16.74  14.39  4.23
16.75  14.39  4.22
16.77  14.39  4.21
16.79  14.39  4.19
16.8  14.39  4.17
16.8  14.39  4.17
16.82  14.4  4.15
16.83  14.41  4.12
17  14.39  3.92
17.04  14.38  3.9
17.04  14.38  3.9
17.05  14.39  3.89
17.07  14.41  3.9
17.09  14.43  3.9
17.19  14.63  3.92
17.22  14.64  3.94
17.22  14.64  3.94
17.23  14.67  3.95
17.24  14.7  3.95
17.25  14.73  3.96
17.28  14.77  3.98
17.3  14.81  3.99
17.31  14.85  4.01
17.31  14.85  4.01
17.31  14.9  4.02
17.3  14.95  4.04
17.3  14.99  4.06
17.31  15.03  4.08
17.32  15.07  4.09
17.33  15.1  4.11
17.16  15.41  4.32
17.12  15.44  4.35
17.07  15.51  4.48
17.06  15.54  4.49
17.06  15.56  4.49
17.05  15.57  4.48
17.05  15.57  4.48
17.05  15.59  4.47
17.05  15.62  4.46
17.05  15.62  4.46
17.04  15.64  4.45
17.04  15.66  4.45
17.03  15.67  4.45
17.03  15.68  4.45
17.03  15.69  4.45
17.02  15.64  4.64
17.03  15.62  4.74
17.03  15.62  4.74
17.03  15.61  4.78
17.02  15.61  5.12
17.01  15.64  5.18
17.01  15.64  5.18
17  15.66  5.2
16.99  15.68  5.22
16.97  15.71  5.23
16.96  15.74  5.24
16.94  15.77  5.24
16.92  15.8  5.25
16.92  15.8  5.25
16.91  15.84  5.25
16.89  15.87  5.25
16.88  15.9  5.24
16.88  15.9  5.24
16.88  15.94  5.23
16.88  15.97  5.22
16.87  16  5.21
16.76  16.24  5.3
16.7  16.25  5.34
16.7  16.25  5.34
16.45  16.24  5.5
16.4  16.22  5.53
16.4  16.22  5.53
16.37  16.21  5.55
16.36  16.2  5.56
16.35  16.19  5.57
16.34  16.17  5.58
16.34  16.17  5.58
16.33  16.16  5.58
16.33  16.14  5.59
16.34  16.13  5.59
16.34  16.11  5.6
16.35  16.11  5.6
16.35  16.1  5.61
16.35  16.1  5.61
16.34  16.1  5.61
16.34  16.1  5.61
16.31  16.12  5.61
16.3  16.1  5.54
16.33  16.12  5.53
16.34  16.12  5.53
16.34  16.12  5.53
16.34  16.12  5.52
16.37  16.05  5.53
16.34  16.04  5.55
16.34  16.04  5.55
16.33  16.03  5.55
16.33  16.03  5.55
16.33  16.03  5.55
16.33  16.02  5.55
16.32  16  5.55
16.31  15.99  5.56
16.3  15.98  5.57
16.29  15.97  5.57
16.29  15.95  5.57
16.29  15.95  5.57
16.29  15.94  5.57
16.29  15.93  5.56
16.29  15.91  5.55
16.78  15.67  5.34
16.98  15.6  5.24
17.12  15.57  5.18
17.12  15.57  5.18
17.25  15.54  5.11
17.38  15.5  5.04
19.36  14.7  4.29
19.75  14.46  4.08
19.95  14.36  3.96
19.95  14.36  3.96
16.88  16.04  5.22
16.29  16.12  5.61
16.29  15.89  5.56
21.82  14.01  2.76
25.21  15.41  1.78
24.91  15.03  1.9
24.9  15  1.9
24.9  15.02  1.9
24.9  15.02  1.89
19.14  18.75  6.29
18.35  18.69  6.14
18.35  18.69  6.14
18.35  18.69  6.14
17.98  18.72  6.03
17.98  18.72  6.03
17.49  19.53  5.73
17.52  19.63  5.75
17.52  19.67  5.77
17.52  19.67  5.77
17.59  19.71  5.97
17.59  19.72  6.05
17.59  19.72  6.05
17.61  19.73  6.1
17.86  19.61  6.56
18.02  19.53  6.54
18.02  19.53  6.54
18.08  19.51  6.52
18.71  19.22  5.81
18.82  19.1  5.59
18.85  19.07  5.51
18.89  19.04  5.44
18.89  19.04  5.44
18.92  19.01  5.36
18.94  18.98  5.29
18.99  18.76  4.92
18.96  18.72  4.93
18.96  18.72  4.93
18.97  18.71  4.93
19  18.71  4.93
19.03  18.7  4.94
19.06  18.69  4.95
19.72  18.5  4.98
19.86  18.4  4.95
19.91  18.36  4.94
20.06  18.26  4.9
20.09  18.23  4.88
20.09  18.23  4.88
20.11  17.94  4.6
20.17  17.85  4.52
20.19  17.82  4.49
20.21  17.8  4.46
20.21  17.8  4.46
20.22  18.11  4.12
20.13  18.25  3.99
20.13  18.25  3.99
20.1  18.29  3.94
20.07  18.33  3.9
19.89  18.39  3.76
19.87  18.38  3.74
19.58  18.07  3.8
19.45  17.88  3.89
19.45  17.88  3.89
19.42  17.84  3.91
19.4  17.81  3.97
19.4  17.81  3.97
19.37  17.77  4
19.33  17.74  4.04
19.02  17.54  4.27
18.96  17.53  4.26
18.92  17.53  4.24
18.92  17.53  4.24
18.84  17.53  4.2
18.84  17.53  4.2
18.84  17.53  4.2
18.84  17.53  4.2
18.07  17.3  4.08
17.92  17.17  4.08
17.88  17.13  4.08
17.88  17.13  4.08
17.85  17.09  4.1
17.59  16.75  4.07
17.48  16.68  4.06
17.48  16.68  4.06
17.43  16.66  4.07
17.4  16.64  4.08
17.4  16.64  4.08
17.36  16.63  4.09
17.33  16.62  4.1
17.39  16.69  4.37
17.48  16.87  4.5
17.48  16.87  4.5
17.5  16.92  4.53
17.5  16.92  4.53
17.55  16.97  4.57
17.87  17.42  4.98
17.87  17.42  4.98
18.12  18.6  5.87
18.11  18.87  6.02
18.11  18.87  6.02
18.1  19.01  6.1
18.1  19.16  6.18
18.1  19.26  6.27
18.05  20.67  7.69
18.08  20.88  8.03
18.09  20.95  8.16
18.1  21.01  8.27
18.1  21.01  8.27
18.1  21.07  8.36
18.11  21.45  8.74
18.11  21.45  8.74
18.41  21.93  8.72
18.54  22.07  8.64
18.54  22.07  8.64
18.58  22.12  8.62
18.62  22.15  8.59
18.65  22.19  8.57
18.65  22.19  8.57
18.69  22.23  8.55
19.12  22.61  8.38
19.21  22.8  8.36
19.21  22.8  8.36
19.22  22.85  8.35
19.22  22.9  8.34
19.25  22.93  8.33
19.26  23.1  8.27
19.26  23.1  8.27
19.26  23.13  8.25
19.31  23.21  8.08
19.32  23.2  8.04
19.34  23.18  8.03
19.35  23.18  8.01
19.36  23.17  7.99
19.36  23.17  7.99
19.37  23.17  7.98
19.4  23.13  7.93
19.39  23.15  7.94
19.39  23.15  7.94
19.39  23.16  7.94
19.34  23.23  7.94
19.34  23.23  7.94
19.36  23.37  7.89
19.4  23.43  7.85
19.4  23.45  7.84
19.4  23.45  7.84
19.41  23.47  7.82
19.41  23.49  7.81
19.45  23.64  7.75
19.45  23.64  7.75
19.55  24.12  7.75
19.56  24.22  7.83
19.57  24.24  7.84
19.58  24.26  7.88
19.58  24.26  7.88
19.63  24.39  7.9
19.63  24.39  7.9
19.72  24.51  7.72
19.75  24.5  7.68
19.75  24.5  7.68
19.77  24.49  7.67
19.79  24.49  7.68
19.79  24.49  7.68
19.81  24.5  7.69
19.76  24.85  8.41
19.81  24.9  8.57
19.83  24.91  8.6
19.85  24.91  8.64
19.88  24.91  8.66
19.99  24.82  8.71
19.62  24.65  8.28
19.47  24.69  8.11
19.4  24.71  8.05
19.4  24.71  8.05
19.33  24.73  7.99
19.25  24.75  7.92
19.17  24.76  7.86
18.89  24.72  7.65
18.86  24.7  7.62
18.67  24.36  7.66
18.6  24.34  7.73
18.6  24.34  7.73
18.59  24.34  7.75
18.57  24.35  7.76
18.57  24.35  7.76
18.56  24.35  7.77
18.54  24.36  7.78
18.27  25.12  7.84
18.19  25.59  7.85
18.19  25.59  7.85
18.18  25.71  7.86
18.17  25.84  7.87
18.17  25.96  7.89
18.17  26.08  7.91
18.17  26.08  7.91
18.67  27.76  8.05
18.88  28.25  8.07
18.96  28.4  8.06
18.96  28.4  8.06
19.05  28.55  8.04
19.13  28.71  8.03
19.53  29.47  7.99
19.6  29.64  7.98
19.6  29.64  7.98
20.84  32.3  7.72
21.34  33.47  7.7
21.46  33.78  7.71
21.56  34.06  7.74
21.56  34.06  7.74
21.77  34.71  7.82
21.77  34.71  7.82
22.3  39.54  8.71
22.32  40.85  8.84
22.32  41.3  8.86
22.28  41.63  8.89
22.28  41.63  8.89
22.27  42.05  8.9
22.27  42.51  8.89
21.71  46.64  8.82
21.56  47.03  8.81
21.42  47.41  8.81
21.42  47.41  8.81
21.27  47.77  8.81
21.12  48.11  8.81
20.99  48.47  8.86
20.66  49.11  8.94
20.66  49.11  8.94
14.48  53.58  10.49
12.29  54.32  10.57
11.4  54.51  10.6
11.4  54.51  10.6
10.44  54.69  10.63
9.43  54.87  10.67
8.34  55.01  10.72
8.34  55.01  10.72
-8.9  54.87  8.51
-12.92  55.11  7.15
-14.11  55.19  6.61
-15.09  55.31  6.04
-15.09  55.31  6.04
-15.87  55.55  5.47
-16.45  55.81  4.86
-18.1  58.77  -1.5
-17.89  59.19  -2.41
-17.89  59.19  -2.41
-17.67  59.63  -3.31
-17.43  60.1  -4.23
-17.43  60.1  -4.23
-16.37  62.82  -8.75
-16.37  62.82  -8.75
-14.59  68.71  -20.27
-13.87  69.01  -23.36
-13.87  69.01  -23.36
-13.71  69.19  -23.92
-13.63  69.56  -24.28
-13.67  70.04  -24.52
-13.79  70.53  -24.72
-13.95  71.01  -24.91
-13.29  72.2  -28.4
-12.78  71.79  -28.19
-12.78  71.79  -28.19
-12.62  71.66  -28.14
-12.62  71.66  -28.14
-11.9  71.42  -29.73
-11.91  71.45  -29.86
-11.91  71.45  -29.86
-11.91  71.47  -29.98
-11.9  71.45  -30.03
-11.83  71.36  -29.85
-11.78  71.29  -29.84
-11.6  71.13  -29.97
-11.43  70.87  -29.81
-11.54  70.59  -30
-11.55  70.61  -30.06
-11.57  70.64  -30.12
-11.57  70.64  -30.12
-11.6  70.67  -30.18
-11.63  70.71  -30.24
-12.92  70.57  -29.94
-12.98  70.51  -29.99
-12.98  70.51  -29.99
-13.02  70.53  -29.99
-13.47  70.48  -29.86
-15.68  70.43  -28.84
-15.68  70.41  -28.85
-15.72  70.41  -28.84
-15.72  70.41  -28.84
-15.74  70.4  -28.85
-15.74  70.39  -28.85
-15.75  70.39  -28.86
-15.81  70.39  -28.84
-15.81  70.38  -28.83
-15.81  70.38  -28.84
-15.96  70.35  -28.85
-15.97  70.39  -28.83
-15.96  70.43  -28.82
-15.95  70.44  -28.82
-15.95  70.44  -28.82
-15.95  70.44  -28.82
-15.95  70.39  -28.81
-15.96  70.39  -28.82
-15.92  70.36  -28.82
-15.93  70.37  -28.83
-15.93  70.37  -28.83
-15.93  70.38  -28.83
-15.9  70.36  -28.86
-15.9  70.36  -28.86
-15.89  70.36  -28.86
-15.88  70.35  -28.86
-15.88  70.35  -28.86
-15.86  70.35  -28.92
-15.86  70.37  -28.95
-15.86  70.37  -28.95
-15.85  70.37  -29
-15.85  70.37  -29
-15.85  70.37  -29
-15.85  70.37  -29
-15.85  70.34  -28.97
-15.85  70.34  -28.97
-15.86  70.34  -28.97
-15.86  70.34  -28.97
-15.84  70.36  -29.01
-15.83  70.38  -29.05
-15.83  70.38  -29.05
-15.82  70.38  -29.06
-15.82  70.38  -29.06
-15.82  70.38  -29.06
-15.82  70.38  -29.06
-15.83  70.37  -29.05
-15.83  70.37  -29.05
-15.83  70.37  -29.05
-15.83  70.37  -29.05
-15.83  70.37  -29.05
-15.82  70.37  -29.06
-15.82  70.37  -29.06
-15.82  70.32  -29.06
-15.82  70.33  -29.06
-15.83  70.34  -29.06
-15.83  70.34  -29.06
-16.37  64.89  -21.92
-16.7  65.09  -22.36
-16.7  65.09  -22.36
-16.74  65.15  -22.41
-16.77  65.23  -22.49
-16.77  65.23  -22.49
-16.88  65.63  -23.57
-16.88  65.7  -23.64
-16.88  65.7  -23.64
-16.89  65.72  -23.64
-16.9  65.76  -23.65
-16.92  65.8  -23.67
-17.01  65.99  -23.85
-17.01  65.99  -23.85
-17.01  65.99  -23.85
-16.84  66.3  -24.14
-16.86  66.34  -24.19
-16.86  66.34  -24.19
-16.86  66.34  -24.2
-16.86  66.34  -24.21
-16.85  66.33  -24.22
-16.8  66.21  -24.2
-16.82  66.22  -24.23
-16.84  66.24  -24.25
-16.86  66.25  -24.28
-16.86  66.25  -24.28
-16.88  66.26  -24.31
-16.91  66.28  -24.35
-17.35  67.63  -26.13
-17.61  68  -26.44
-17.65  68.06  -26.49
-17.74  68.23  -26.66
-17.73  68.22  -26.64
-17.73  68.22  -26.64
-17.72  68.34  -26.53
-17.67  68.29  -26.5
-17.67  68.29  -26.5
-17.69  68.3  -26.46
-17.71  68.3  -26.42
-17.71  68.29  -26.41
-17.71  68.28  -26.39
-17.71  68.28  -26.39
-17.77  68.31  -26.28
-17.77  68.31  -26.27
-17.77  68.31  -26.27
-17.77  68.31  -26.26
-17.77  68.31  -26.25
-17.75  68.31  -26.2
-17.73  68.27  -26.15
-17.72  68.26  -26.14
-17.72  68.25  -26.13
-17.72  68.25  -26.13
-17.72  68.25  -26.13
-17.71  68.25  -26.13
-17.71  68.24  -26.13
-17.71  68.24  -26.1
-17.72  68.21  -26.05
-17.72  68.21  -26.04
-17.72  68.21  -26.04
-17.72  68.21  -26.04
-17.72  68.21  -26.04
-17.73  68.21  -26.05
-17.72  68.21  -26.05
-17.67  68.12  -26.06
-17.65  68.13  -26.05
-17.65  68.13  -26.05
-17.65  68.13  -26.05
-17.65  68.13  -26.05
-17.65  68.13  -26.06
-17.63  68.17  -26.08
-17.63  68.17  -26.08
-17.63  68.15  -26.08
-17.35  67.53  -24.32
-16.19  65.22  -20.06
-16.19  65.22  -20.06
-15.84  64.46  -18.89
-15.48  63.61  -17.64
-15.11  62.69  -16.32
-12.69  54.4  -4.16
-12.44  53.31  -2.61
-12.44  53.31  -2.61
-12.15  52.22  -1.09
-11.83  51.14  0.39
-11.5  50.07  1.82
-5.86  41.06  11.26
-4.24  39.52  11.9
-3.41  38.76  12.09
-3.41  38.76  12.09
-2.59  37.98  12.21
11.81  23.53  7.77
15.87  19.17  6.17
16.57  18.47  5.95
17.22  17.81  5.76
17.83  17.22  5.62
22.2  12.96  5.43
23.3  12.23  5.3
23.3  12.23  5.3
23.91  11.84  5.2
24.53  11.46  5.06
25.71  10.84  4.62
29.66  11.04  1.91
29.99  11.64  1.04
29.99  11.64  1.04
30.05  11.78  0.82
30.04  11.86  0.83
30.03  11.87  0.86
30.01  11.94  0.91
29.93  11.92  0.96
29.95  11.91  0.99
29.95  11.91  0.99
30.08  11.72  1.11
30.06  11.61  1.11
30.01  11.49  1.11
28.8  10.16  1.68
28.8  10.16  1.68
28.8  10.11  1.67
28.8  10.1  1.67
28.8  10.1  1.67
28.8  10.11  1.67
28.79  10.11  1.68
28.79  10.11  1.68
28.79  10.11  1.68
28.8  10.16  1.67
28.79  10.15  1.67
28.79  10.15  1.67
28.79  10.15  1.66
28.78  10.14  1.68
28.78  10.14  1.68
28.78  10.14  1.68
28.78  10.14  1.68
28.77  10.15  1.67
28.78  10.15  1.67
28.78  10.15  1.67
28.77  10.15  1.67
28.75  10.14  1.66
28.75  10.13  1.65
28.75  10.13  1.65
28.75  10.13  1.65
28.75  10.13  1.65
28.75  10.13  1.64
28.75  10.11  1.64
28.74  10.12  1.66
28.74  10.12  1.66
28.73  10.12  1.66
28.73  10.11  1.66
28.73  10.11  1.66
28.73  10.11  1.66
28.73  10.11  1.66
28.72  10.13  1.68
28.72  10.14  1.68
28.72  10.14  1.68
28.72  10.14  1.68
28.72  10.14  1.68
28.72  10.15  1.68
28.72  10.15  1.68
28.72  10.15  1.67
28.7  10.13  1.66
28.7  10.13  1.65
28.7  10.13  1.65
28.7  10.13  1.65
28.69  10.12  1.65
28.68  10.12  1.65
28.68  10.12  1.64
28.68  10.12  1.64
28.67  10.1  1.63
28.66  10.11  1.64
28.66  10.11  1.64
28.66  10.11  1.64
28.63  10.11  1.65
28.63  10.11  1.64
28.63  10.11  1.64
28.62  10.11  1.64
28.62  10.11  1.64
28.62  10.11  1.64
28.55  10.08  1.6
28.59  10.11  1.64
28.59  10.11  1.64
28.59  10.11  1.64
28.56  10.12  1.7
28.56  10.11  1.7
28.56  10.11  1.7
28.55  10.11  1.7
28.51  10.07  1.68
28.5  10.06  1.67
28.5  10.06  1.67
28.5  10.05  1.67
28.5  10.04  1.66
28.54  10.1  1.71
28.54  10.1  1.72
28.54  10.1  1.72
28.54  10.1  1.72
28.54  10.1  1.72
28.56  10.11  1.72
28.56  10.1  1.72
28.56  10.1  1.72
28.56  10.1  1.72
28.56  10.1  1.72
28.56  10.12  1.72
28.57  10.12  1.72
28.57  10.12  1.72
28.55  10.12  1.69
28.55  10.13  1.67
28.55  10.13  1.67
28.55  10.13  1.67
28.54  10.13  1.67
28.55  10.13  1.67
28.55  10.13  1.67
28.55  10.13  1.67
28.58  10.16  1.69
28.59  10.18  1.68
28.59  10.18  1.68
28.58  10.18  1.68
28.59  10.18  1.68
28.59  10.19  1.68
28.62  10.21  1.67
28.6  10.2  1.67
28.6  10.2  1.67
28.62  10.22  1.67
28.63  10.23  1.67
28.65  10.23  1.67
-0.06  -0.02  0.01
-0.06  -0.02  0.01
-0.07  -0.02  0.01
-0.07  -0.02  0.01
-0.06  -0.02  0.01
-0.06  -0.02  0
-0.06  -0.02  0
-0.07  -0.02  -0
-0.07  -0.02  -0
-0.07  -0.02  -0
-0.06  -0.02  -0
-0.06  -0.02  -0
-0.06  -0.02  -0
-0.06  -0.02  -0.01
-0.06  -0.02  -0.01
-0.06  -0.02  -0.01
-0.06  -0.02  -0.01
-0.06  -0.02  -0
-0.06  -0.02  -0
-0.06  -0.02  -0.01
-0.06  -0.02  -0.01
-0.06  -0.02  -0.01
-0.06  -0.02  -0.01
-0.06  -0.02  -0.01
-0.06  -0.02  0
-0.06  -0.02  0
-0.06  -0.02  0
-0.06  -0.02  0
-0.06  -0.02  0
-0.06  -0.02  0
-0.06  -0.02  0.01
-0.06  -0.02  0.01
-0.06  -0.02  0.01
-0.06  -0.02  0.01
-0.06  -0.02  0.01
-0.06  -0.02  0.01
-0.06  -0.02  0.01
-0.06  -0.02  0.01
-0.06  -0.01  0.01
-0.06  -0.01  0.01
-0.06  -0.01  0.01
-0.06  -0.01  0.01
-0.06  -0.01  0.01
-0.06  -0.01  0.01
-0.06  -0.01  0.01
-0.06  -0.01  0.01
-0.06  -0.01  0.01
-0.06  -0  0.01
-0.06  -0  0.01
-0.06  -0  0.01
-0.06  -0  0.01
-0.06  -0  0.01
-0.06  -0  0.01
-0.06  -0  0.01
-0.06  -0  0.01
-0.06  -0  0.01
-0.06  -0  0.01
-0.06  -0  0.01
-0.06  -0  0.01
-0.05  0  0.01
-0.05  0  0.01
-0.05  0  0.01
-0.05  0  0.01
-0.05  0  0.01
-0.05  -0  0.01
-0.05  -0  0.01
-0.05  -0  0.01
-0.05  0  0.01
-0.05  0  0.01
-0.06  0  0.01
-0.06  -0  0.01
-0.06  -0  0.01
-0.06  -0  0.01
-0.06  0  0.01
-0.06  0  0.01
-0.06  0  0.01
-0.06  0  0.01
-0.06  0  0.01
-0.06  0  0.01
-0.06  0  0.01
-0.06  0  0.01
-0.06  0  0.01
-0.06  0.01  0
-0.06  0.01  0
-0.06  0.01  0
-0.06  0.01  0.01
-0.06  0.01  0.01
-0.06  0  0.01
-0.06  0  0.01
-0.06  0.01  0.01
-0.06  0.01  0.01
-0.05  0.01  0.01
-0.05  0.01  0.01
-0.05  0.01  0.01
-0.05  0.01  0.01
-0.05  0.01  0.01
-0.05  0.01  0.01
-0.05  0.01  0.01
-0.05  0  0.01
-0.05  -0  0.01
-0.05  -0  0.01
-0.05  -0  0.01
-0.05  -0.01  0.01
-0.05  -0.01  0.01
-0.05  -0.01  0.01
-0.05  -0.01  0.01
-0.06  -0.01  0.01
-0.06  -0.01  0
-0.06  -0.02  0
-0.06  -0.02  0
-0.06  -0.02  0
-0.06  -0.02  0
-0.05  -0.01  0.01
-0.05  -0  0.02
-0.05  -0  0.02
-0.05  -0  0.02
-0.05  -0.01  0.02
-0.05  -0.01  0.02
-0.05  -0.01  0.02
-0.05  -0.01  0.02
-0.05  0  0.02
-0.04  0  0.02
-0.04  0.01  0.02
-0.04  0.01  0.02
-0.04  0  0.02
-0.04  0  0.02
-0.04  0  0.03
-0.05  0  0.02
-0.05  0.01  0.02
-0.05  0.01  0.01
-0.05  0.01  0.01
-0.05  0.01  0.01
-0.04  0.01  0.01
-0.04  0.01  0.01
-0.05  0.01  0.01
-0.05  0.01  0.01
-0.05  0.01  0.01
-0.05  0.01  0.01
-0.05  0.01  0.01
-0.05  0.01  0.01
-0.05  0.01  0.01
-0.05  0.01  0.01
-0.05  0.01  0.01
-0.05  0.01  0.01
-0.05  0.01  0.01
-0.05  0.01  0.01
-0.05  0.01  0.01
-0.05  0.01  0.01
-0.05  0.01  0.01
-0.05  0.01  0.01
-0.05  0.01  0.01
-0.05  0.01  0.01
-0.05  0.01  0.01
-0.05  0.01  0
-0.05  0.01  0
-0.05  0.01  0
-0.05  0.01  -0
-0.05  0.01  -0
-0.05  0.01  -0
-0.05  0.01  -0
-0.05  0.01  -0
-0.05  0.01  -0
-0.05  0.01  -0.01
-0.05  0.01  -0.01
-0.05  0.01  -0.01
-0.05  0.01  -0.01
-0.05  0.01  -0.01
-0.04  0.01  -0.01
-0.04  0.01  -0.01
-0.04  0.01  -0.01
-0.04  0.01  0
-0.04  0.01  0.01
-0.04  0.01  0.01
-0.04  0.01  0.01
-0.04  0.01  0.01
-0.04  0.01  0.01
-0.04  0.01  0.01
-0.04  0.02  0.01
-0.04  0.02  0.01
-0.04  0.02  0.01
-0.04  0.02  0.01
-0.04  0.02  0
-0.04  0.02  0
-0.04  0.02  0
-0.04  0.02  0
-0.04  0.02  0
-0.04  0.02  0
-0.04  0.02  0
-0.04  0.02  0
-0.04  0.02  0
-0.04  0.02  0
-0.04  0.02  0
-0.04  0.02  0
-0.04  0.02  0.01
-0.04  0.02  0.01
-0.04  0.02  0.01
-0.04  0.02  0.01
-0.04  0.02  0.01
-0.04  0.02  0.01
-0.04  0.02  0.01
-0.04  0.02  0
-0.04  0.02  0
-0.04  0.02  0
-0.04  0.02  0
-0.04  0.02  0
-0.04  0.02  0
-0.04  0.02  0
-0.04  0.02  0
-0.04  0.02  0
-0.04  0.02  0
-0.04  0.02  0
-0.04  0.02  0
-0.04  0.02  0
-0.04  0.02  0
-0.04  0.02  0
-0.04  0.02  0
-0.04  0.01  0
-0.04  0.01  0
-0.04  0.01  0
-0.04  0.01  0
-0.04  0.01  0
-0.04  0.01  0
-0.04  0.01  0.01
-0.03  0.01  0
-0.03  0.01  0
-0.03  0.01  0
-0.03  0.01  0
-0.03  0  0
-0.03  0  0
-0.03  0.01  0
-0.03  0.01  0
-0.03  0.01  0
-0.03  0.01  0
-0.03  0.01  0
-0.03  0.01  0
-0.03  0.01  0
-0.03  0.01  0
-0.03  0.02  -0
-0.03  0.02  -0
-0.03  0.02  -0
-0.03  0.02  -0
-0.03  0.02  -0
-0.03  0.02  -0.01
-0.03  0.02  -0.01
-0.02  0.02  -0.01
-0.02  0.02  -0.01
-0.02  0.02  -0.01
-0.02  0.02  -0.01
-0.02  0.02  -0.01
-0.01  0.02  -0.01
-0.01  0.03  -0.01
-0.01  0.03  -0.01
-0.01  0.03  -0.01
-0  0.03  -0.02
-0  0.03  -0.02
-0  0.03  -0.02
0  0.03  -0.02
0.01  0.03  -0.02
0.01  0.03  -0.02
0.01  0.03  -0.02
0.01  0.03  -0.02
0.01  0.03  -0.02
0.01  0.03  -0.02
0.01  0.03  -0.01
0  0.03  -0.01
0  0.03  -0.01
-0  0.03  -0.01
-0  0.03  -0.01
-0  0.03  -0.01
-0  0.03  -0.01
-0  0.03  -0.01
-0  0.03  -0.01
-0  0.03  -0.01
-0  0.03  -0.01
-0  0.03  -0.01
0  0.03  -0.02
0  0.03  -0.02
0  0.03  -0.02
0  0.03  -0.02
0  0.03  -0.03
0  0.03  -0.03
0.01  0.04  -0.03
0.01  0.04  -0.04
0.01  0.04  -0.04
0.01  0.04  -0.04
0.01  0.04  -0.04
0.01  0.04  -0.04
0.01  0.04  -0.05
0.01  0.04  -0.05
0.01  0.05  -0.06
0.02  0.05  -0.06
0.02  0.05  -0.07
0.02  0.05  -0.07
0.02  0.05  -0.08
0.03  0.06  -0.08
0.03  0.06  -0.08
0.03  0.06  -0.09
0.03  0.06  -0.09
0.03  0.06  -0.1
0.03  0.06  -0.1
0.03  0.06  -0.11
0.04  0.06  -0.12
0.04  0.07  -0.12
0.04  0.07  -0.13
0.04  0.07  -0.13
0.05  0.07  -0.14
0.05  0.07  -0.15
0.05  0.07  -0.15
0.04  0.07  -0.15
0.04  0.08  -0.16
0.04  0.08  -0.17
0.04  0.08  -0.18
0.04  0.08  -0.18
0.05  0.08  -0.19
0.05  0.09  -0.2
0.03  0.1  -0.2
0.02  0.11  -0.21
0.02  0.11  -0.21
0.02  0.11  -0.22
0.02  0.12  -0.23
0.01  0.12  -0.24
0.01  0.12  -0.24
0  0.13  -0.22
-0  0.15  -0.2
-0.01  0.15  -0.2
-0.01  0.15  -0.2
-0.01  0.16  -0.21
-0.01  0.16  -0.21
-0.01  0.16  -0.22
0  0.15  -0.18
0.01  0.14  -0.15
0.02  0.13  -0.14
0.02  0.13  -0.14
0.02  0.13  -0.13
0.02  0.13  -0.13
0.03  0.13  -0.13
0.03  0.13  -0.13
0.03  0.13  -0.13
0.01  0.13  -0.11
0  0.12  -0.1
0  0.12  -0.1
0  0.12  -0.1
0  0.12  -0.1
0  0.12  -0.1
0  0.12  -0.1
0  0.12  -0.1
0  0.12  -0.1
0  0.1  -0.09
0  0.09  -0.08
0  0.08  -0.07
0  0.08  -0.07
0  0.08  -0.08
0  0.08  -0.08
0.01  0.08  -0.08
0.01  0.08  -0.08
0.01  0.08  -0.08
0.01  0.08  -0.08
0.01  0.08  -0.08
0.01  0.08  -0.08
0.01  0.08  -0.09
0.01  0.08  -0.09
0.01  0.08  -0.09
0.02  0.08  -0.09
0.02  0.08  -0.09
0.02  0.08  -0.1
0.02  0.08  -0.1
0.02  0.08  -0.1
0.03  0.08  -0.1
0.03  0.08  -0.11
0.02  0.09  -0.1
0.02  0.09  -0.1
0.02  0.09  -0.1
0.02  0.09  -0.11
0.02  0.09  -0.11
0.02  0.09  -0.11
0.02  0.09  -0.1
0.02  0.09  -0.09
0.02  0.09  -0.09
0.02  0.09  -0.09
0.02  0.09  -0.09
0.02  0.09  -0.09
0.02  0.08  -0.09
0.02  0.08  -0.1
0.02  0.08  -0.1
0.02  0.08  -0.1
0.02  0.08  -0.1
0.02  0.08  -0.1
0.02  0.08  -0.1
0.02  0.08  -0.1
0.02  0.08  -0.11
0.02  0.08  -0.11
0.02  0.07  -0.11
0.02  0.07  -0.11
0.02  0.07  -0.11
0.02  0.07  -0.12
0.02  0.07  -0.12
0.02  0.07  -0.12
0.02  0.06  -0.13
0.02  0.06  -0.13
0.02  0.07  -0.12
0.02  0.07  -0.12
0.02  0.07  -0.12
0.02  0.07  -0.12
0.01  0.07  -0.12
0.01  0.07  -0.12
0.01  0.07  -0.12
0.01  0.08  -0.12
0.01  0.08  -0.09
0.01  0.09  -0.08
0.01  0.09  -0.08
0.01  0.09  -0.08
0  0.09  -0.08
0  0.09  -0.08
0  0.09  -0.09
0  0.09  -0.09
-0  0.09  -0.09
-0  0.09  -0.09
-0  0.09  -0.09
-0  0.09  -0.09
-0  0.09  -0.1
-0  0.09  -0.1
-0.01  0.09  -0.1
-0.01  0.09  -0.11
-0.01  0.09  -0.11
-0.01  0.09  -0.11
-0.01  0.1  -0.12
-0  0.09  -0.1
-0  0.08  -0.1
-0  0.08  -0.1
-0  0.08  -0.1
-0  0.08  -0.1
-0  0.08  -0.1
-0  0.08  -0.1
0  0.08  -0.09
0  0.08  -0.09
0  0.07  -0.09
0  0.07  -0.09
0  0.07  -0.09
0  0.07  -0.09
0  0.07  -0.09
0  0.07  -0.09
0.01  0.07  -0.09
0.01  0.07  -0.1
0.01  0.07  -0.1
0.01  0.07  -0.1
0.01  0.07  -0.1
0.01  0.07  -0.1
0.01  0.07  -0.1
0.01  0.07  -0.11
0.01  0.07  -0.11
0.01  0.07  -0.11
0.01  0.07  -0.11
0.01  0.07  -0.11
0.01  0.07  -0.11
0.01  0.07  -0.12
0.01  0.07  -0.12
0  0.07  -0.12
0  0.07  -0.12
-0  0.08  -0.11
-0  0.08  -0.11
-0.01  0.08  -0.11
-0.01  0.08  -0.11
-0.01  0.08  -0.11
-0.01  0.08  -0.11
-0  0.08  -0.11
-0  0.08  -0.11
-0  0.08  -0.11
-0  0.08  -0.11
-0  0.08  -0.11
-0  0.08  -0.11
-0.01  0.08  -0.11
-0.05  0.01  0.01
0.01  0.04  -0.03
-0.01  0.09  -0.1
-0.01  0.07  -0.12
-0.01  0.07  -0.12
-0.01  0.07  -0.12
-0.01  0.07  -0.12
-0.01  0.07  -0.12
-0.01  0.07  -0.12
-0.01  0.07  -0.12
-0.01  0.07  -0.12
-0.01  0.07  -0.12
-0.01  0.07  -0.12
-0.01  0.07  -0.12
-0.01  0.07  -0.12
-0.01  0.07  -0.12
-0.01  0.07  -0.11
-0.01  0.07  -0.11
-0.01  0.07  -0.11
-0.01  0.07  -0.11
-0.01  0.07  -0.11
-0.01  0.07  -0.11
-0.01  0.07  -0.11
-0.01  0.07  -0.11
-0.02  0.07  -0.11
-0.02  0.07  -0.11
-0.02  0.07  -0.11
-0.02  0.07  -0.11
-0.02  0.07  -0.11
-0.02  0.07  -0.11
-0.02  0.07  -0.11
-0.02  0.07  -0.11
-0.02  0.07  -0.11
-0.02  0.07  -0.11
-0.02  0.07  -0.11
-0.02  0.07  -0.11
-0.02  0.07  -0.11
-0.02  0.07  -0.11
-0.02  0.07  -0.1
-0.02  0.07  -0.1
-0.02  0.07  -0.11
-0.02  0.07  -0.11
-0.02  0.07  -0.11
-0.02  0.07  -0.11
-0.02  0.07  -0.11
-0.02  0.07  -0.12
-0.02  0.07  -0.12
-0.02  0.07  -0.12
-0.02  0.07  -0.12
-0.02  0.07  -0.12
-0.02  0.06  -0.13
-0.02  0.06  -0.13
-0.02  0.05  -0.13
-0.02  0.05  -0.13
-0.02  0.05  -0.14
-0.02  0.05  -0.14
-0.02  0.05  -0.14
-0.02  0.05  -0.15
-0.02  0.05  -0.15
-0.02  0.05  -0.15
-0.02  0.05  -0.14
-0.02  0.05  -0.12
-0.02  0.06  -0.11
-0.02  0.06  -0.11
-0.02  0.06  -0.11
-0.02  0.06  -0.11
-0.02  0.06  -0.11
-0.02  0.06  -0.11
-0.02  0.06  -0.11
-0.02  0.06  -0.11
-0.02  0.06  -0.11
-0.02  0.06  -0.11
-0.02  0.06  -0.11
-0.02  0.06  -0.11
-0.02  0.06  -0.11
-0.02  0.06  -0.11
-0.02  0.06  -0.11
-0.02  0.06  -0.11
-0.02  0.06  -0.11
-0.03  0.06  -0.12
-0.03  0.06  -0.12
-0.03  0.06  -0.12
-0.03  0.06  -0.12
-0.03  0.05  -0.12
-0.03  0.05  -0.12
-0.03  0.05  -0.13
-0.03  0.05  -0.13
-0.03  0.05  -0.13
-0.04  0.05  -0.13
-0.04  0.05  -0.13
-0.04  0.05  -0.14
-0.04  0.05  -0.14
-0.04  0.05  -0.14
-0.04  0.05  -0.14
-0.04  0.05  -0.15
-0.04  0.05  -0.15
-0.04  0.05  -0.15
-0.04  0.05  -0.15
-0.05  0.05  -0.16
-0.05  0.05  -0.16
-0.05  0.06  -0.18
-0.05  0.06  -0.18
-0.05  0.06  -0.18
-0.05  0.05  -0.18
-0.05  0.05  -0.18
-0.05  0.05  -0.18
-0.05  0.05  -0.18
-0.05  0.06  -0.18
-0.04  0.06  -0.19
-0.04  0.06  -0.19
-0.04  0.06  -0.19
-0.04  0.06  -0.19
-0.04  0.06  -0.2
-0.04  0.06  -0.2
-0.04  0.06  -0.2
-0.04  0.06  -0.21
-0.04  0.06  -0.21
-0.04  0.06  -0.21
-0.03  0.06  -0.21
-0.03  0.06  -0.22
-0.02  0.06  -0.2
-0.02  0.06  -0.2
-0.02  0.06  -0.2
-0.02  0.06  -0.18
-0.02  0.05  -0.18
-0.02  0.05  -0.18
-0.02  0.05  -0.18
-0.02  0.05  -0.18
-0.01  0.05  -0.18
-0.01  0.05  -0.18
-0.01  0.06  -0.19
-0.01  0.05  -0.18
-0.01  0.05  -0.18
-0.01  0.05  -0.18
-0.01  0.05  -0.18
-0.01  0.05  -0.18
-0.01  0.05  -0.18
-0.01  0.05  -0.18
-0.01  0.05  -0.18
-0.01  0.05  -0.17
-0.02  0.05  -0.15
-0.02  0.05  -0.14
-0.02  0.05  -0.14
-0.02  0.05  -0.14
-0.02  0.05  -0.13
-0.02  0.05  -0.13
-0.02  0.05  -0.13
-0.02  0.05  -0.14
-0.02  0.05  -0.14
-0.02  0.05  -0.14
-0.02  0.05  -0.14
-0.02  0.05  -0.14
-0.02  0.05  -0.14
-0.02  0.06  -0.14
-0.02  0.06  -0.14
-0.02  0.06  -0.14
-0.02  0.06  -0.14
-0.02  0.06  -0.14
-0.02  0.06  -0.15
-0.02  0.06  -0.15
-0.02  0.06  -0.15
-0.01  0.06  -0.16
-0.01  0.06  -0.16
-0.02  0.06  -0.16
-0.02  0.06  -0.16
-0.02  0.06  -0.16
-0.02  0.06  -0.17
-0.02  0.06  -0.17
-0.02  0.06  -0.17
-0.02  0.06  -0.18
-0.02  0.06  -0.18
-0.02  0.06  -0.18
-0.02  0.06  -0.19
-0.02  0.06  -0.19
-0.02  0.06  -0.19
-0.02  0.06  -0.19
-0.02  0.06  -0.2
-0.02  0.06  -0.2
-0.03  0.06  -0.22
-0.03  0.06  -0.23
-0.03  0.06  -0.24
-0.03  0.06  -0.24
-0.03  0.06  -0.24
-0.03  0.06  -0.25
-0.03  0.06  -0.25
-0.03  0.06  -0.26
-0.03  0.06  -0.26
-0.04  0.06  -0.27
-0.03  0.06  -0.32
-0.04  0.06  -0.34
-0.04  0.06  -0.34
-0.04  0.06  -0.36
-0.04  0.06  -0.37
-0.04  0.06  -0.37
-0.04  0.06  -0.37
-0.04  0.06  -0.38
-0.04  0.06  -0.39
-0.04  0.06  -0.42
-0.04  0.06  -0.42
-0.04  0.06  -0.42
-0.04  0.08  -0.34
-0.03  0.09  -0.26
-0.03  0.1  -0.23
-0.03  0.1  -0.23
-0.03  0.1  -0.23
-0.03  0.1  -0.22
-0.03  0.11  -0.22
-0.03  0.11  -0.22
-0.03  0.11  -0.22
-0.03  0.11  -0.23
-0.03  0.11  -0.23
-0.03  0.11  -0.23
-0.03  0.11  -0.23
-0.03  0.11  -0.23
-0.03  0.12  -0.23
-0.03  0.12  -0.23
-0.03  0.12  -0.23
-0.03  0.12  -0.23
-0.03  0.12  -0.24
-0.03  0.12  -0.24
-0.02  0.12  -0.24
-0.02  0.12  -0.24
-0.01  0.12  -0.24
-0.01  0.12  -0.24
-0.01  0.12  -0.24
-0.01  0.12  -0.25
-0.01  0.12  -0.25
-0.01  0.12  -0.25
-0.01  0.09  -0.21
-0.01  0.09  -0.21
-0.01  0.08  -0.2
-0.01  0.08  -0.2
-0.01  0.08  -0.2
-0.01  0.08  -0.2
-0.01  0.08  -0.2
-0.01  0.08  -0.2
-0.02  0.07  -0.2
-0.02  0.07  -0.2
-0.03  0.07  -0.2
-0.03  0.07  -0.2
-0.03  0.07  -0.2
-0.03  0.06  -0.2
-0.03  0.06  -0.2
-0.03  0.06  -0.2
-0.03  0.06  -0.2
-0.03  0.06  -0.2
-0.03  0.06  -0.2
-0.03  0.06  -0.2
-0.03  0.06  -0.2
-0.03  0.06  -0.2
-0.04  0.06  -0.21
-0.04  0.06  -0.21
-0.04  0.06  -0.21
-0.04  0.06  -0.21
-0.04  0.06  -0.21
-0.04  0.06  -0.21
-0.04  0.06  -0.21
-0.05  0.06  -0.21
-0.03  0.06  -0.2
-0.03  0.06  -0.2
-0.03  0.06  -0.2
-0.03  0.06  -0.2
-0.03  0.06  -0.2
-0.03  0.06  -0.2
-0.03  0.06  -0.2
-0.03  0.06  -0.2
-0.03  0.06  -0.2
-0.03  0.06  -0.2
-0.03  0.06  -0.2
-0.03  0.06  -0.2
-0.03  0.06  -0.2
-0.03  0.06  -0.2
-0.04  0.06  -0.2
-0.04  0.06  -0.2
-0.04  0.06  -0.2
-0.04  0.06  -0.21
-0.03  0.06  -0.21
-0.03  0.06  -0.21
-0.03  0.06  -0.21
-0.03  0.06  -0.21
-0.04  0.06  -0.21
-0.04  0.06  -0.21
-0.04  0.06  -0.21
-0.04  0.06  -0.22
-0.04  0.06  -0.22
-0.04  0.06  -0.22
-0.04  0.06  -0.22
-0.04  0.06  -0.23
-0.04  0.06  -0.23
-0.04  0.06  -0.23
-0.05  0.06  -0.24
-0.05  0.06  -0.25
-0.05  0.06  -0.25
-0.05  0.06  -0.25
-0.06  0.06  -0.26
-0.06  0.06  -0.26
-0.07  0.06  -0.29
-0.07  0.06  -0.29
-0.07  0.06  -0.29
-0.07  0.06  -0.3
-0.07  0.06  -0.31
-0.08  0.06  -0.31
-0.08  0.06  -0.32
-0.08  0.06  -0.32
-0.08  0.06  -0.32
-0.08  0.07  -0.33
-0.09  0.07  -0.34
-0.09  0.07  -0.34
-0.09  0.07  -0.35
-0.09  0.07  -0.35
-0.1  0.07  -0.36
-0.1  0.07  -0.37
-0.1  0.07  -0.37
-0.1  0.07  -0.38
-0.11  0.06  -0.4
-0.11  0.06  -0.4
-0.16  0.06  -0.48
-0.19  0.06  -0.54
-0.21  0.06  -0.56
-0.21  0.06  -0.56
-0.22  0.06  -0.57
-0.23  0.06  -0.58
-0.23  0.05  -0.59
-0.24  0.05  -0.6
-0.24  0.05  -0.6
-0.18  0.04  -0.49
-0.18  0.04  -0.49
-0.16  0.04  -0.45
-0.16  0.04  -0.44
-0.16  0.04  -0.44
-0.16  0.03  -0.44
-0.17  0.03  -0.44
-0.17  0.03  -0.44
-0.17  0.03  -0.44
-0.17  0.03  -0.45
-0.19  0.02  -0.47
-0.19  0.02  -0.47
-0.2  0.02  -0.47
-0.2  0.02  -0.47
-0.2  0.02  -0.48
-0.2  0.02  -0.48
-0.21  0.02  -0.49
-0.21  0.02  -0.49
-0.13  0.05  -0.38
-0.1  0.06  -0.35
-0.09  0.07  -0.33
-0.09  0.06  -0.33
-0.09  0.06  -0.33
-0.08  0.06  -0.32
-0.08  0.07  -0.32
-0.07  0.07  -0.3
-0.07  0.07  -0.3
-0.07  0.07  -0.3
-0.07  0.07  -0.3
-0.07  0.07  -0.3
-0.06  0.07  -0.29
-0.06  0.07  -0.29
-0.06  0.07  -0.29
-0.06  0.07  -0.29
-0.06  0.07  -0.29
-0.06  0.07  -0.29
-0.06  0.07  -0.29
-0.06  0.07  -0.29
-0.06  0.07  -0.29
-0.06  0.07  -0.29
-0.06  0.07  -0.29
-0.06  0.07  -0.29
-0.06  0.07  -0.29
-0.05  0.07  -0.29
-0.05  0.07  -0.29
-0.05  0.07  -0.29
-0.05  0.07  -0.29
-0.05  0.08  -0.29
-0.05  0.08  -0.29
-0.05  0.08  -0.29
-0.05  0.08  -0.29
-0.05  0.08  -0.29
-0.05  0.08  -0.29
-0.05  0.08  -0.29
-0.05  0.08  -0.29
-0.05  0.07  -0.29
-0.05  0.07  -0.29
-0.05  0.07  -0.29
-0.05  0.07  -0.29
-0.04  0.07  -0.3
-0.04  0.07  -0.3
-0.04  0.07  -0.3
-0.04  0.07  -0.3
-0.04  0.07  -0.3
-0.04  0.07  -0.3
-0.04  0.07  -0.31
-0.04  0.07  -0.31
-0.04  0.07  -0.32
-0.04  0.07  -0.32
-0.04  0.07  -0.33
-0.04  0.07  -0.33
-0.04  0.07  -0.34
-0.04  0.07  -0.34
-0.04  0.06  -0.34
-0.04  0.06  -0.34
-0.04  0.06  -0.35
-0.04  0.06  -0.35
-0.03  0.05  -0.39
-0.03  0.05  -0.39
-0.03  0.05  -0.39
-0.03  0.05  -0.4
-0.03  0.05  -0.41
-0.03  0.05  -0.42
-0.03  0.05  -0.42
-0.03  0.05  -0.42
-0.03  0.05  -0.43
-0.05  0.04  -0.41
-0.05  0.04  -0.41
-0.06  0.05  -0.36
-0.06  0.06  -0.33
-0.06  0.06  -0.33
-0.06  0.06  -0.32
-0.06  0.06  -0.32
-0.06  0.06  -0.32
-0.06  0.06  -0.32
-0.06  0.06  -0.32
-0.06  0.07  -0.32
-0.06  0.07  -0.32
-0.05  0.07  -0.31
-0.05  0.07  -0.31
-0.05  0.07  -0.31
-0.05  0.07  -0.31
-0.05  0.07  -0.31
-0.05  0.07  -0.31
-0.05  0.07  -0.31
-0.05  0.07  -0.31
-0.05  0.07  -0.31
-0.06  0.07  -0.31
-0.06  0.07  -0.31
-0.06  0.07  -0.31
-0.06  0.07  -0.31
-0.06  0.08  -0.31
-0.06  0.08  -0.32
-0.06  0.08  -0.32
-0.06  0.08  -0.32
-0.06  0.08  -0.32
-0.06  0.08  -0.31
-0.06  0.08  -0.31
-0.06  0.08  -0.32
-0.06  0.08  -0.32
-0.06  0.08  -0.32
-0.06  0.08  -0.32
-0.06  0.08  -0.32
-0.06  0.08  -0.32
-0.05  0.08  -0.32
-0.05  0.08  -0.32
-0.05  0.08  -0.31
-0.05  0.08  -0.31
-0.05  0.08  -0.31
-0.06  0.08  -0.31
-0.06  0.08  -0.31
-0.06  0.08  -0.31
-0.06  0.08  -0.31
-0.06  0.08  -0.31
-0.06  0.08  -0.31
-0.06  0.08  -0.32
-0.06  0.08  -0.32
-0.06  0.08  -0.32
-0.07  0.08  -0.32
-0.07  0.08  -0.32
-0.07  0.08  -0.32
-0.07  0.08  -0.32
-0.07  0.08  -0.32
-0.07  0.08  -0.32
-0.07  0.08  -0.32
-0.08  0.08  -0.33
-0.08  0.08  -0.33
-0.08  0.08  -0.33
-0.08  0.08  -0.33
-0.08  0.08  -0.33
-0.08  0.08  -0.33
-0.08  0.08  -0.33
-0.09  0.08  -0.33
-0.09  0.08  -0.33
-0.09  0.08  -0.34
-0.09  0.08  -0.34
-0.09  0.08  -0.34
-0.09  0.08  -0.34
-0.09  0.08  -0.34
-0.09  0.08  -0.34
-0.1  0.08  -0.35
-0.1  0.08  -0.35
-0.11  0.08  -0.36
-0.11  0.08  -0.36
-0.11  0.08  -0.36
-0.11  0.08  -0.37
-0.11  0.08  -0.37
-0.11  0.08  -0.37
-0.11  0.08  -0.38
-0.12  0.08  -0.38
-0.12  0.07  -0.38
-0.12  0.07  -0.38
-0.12  0.07  -0.39
-0.12  0.07  -0.39
-0.12  0.07  -0.39
-0.12  0.07  -0.4
-0.13  0.07  -0.4
-0.13  0.07  -0.41
-0.13  0.07  -0.41
-0.13  0.06  -0.42
-0.13  0.06  -0.42
-0.11  0.05  -0.42
-0.11  0.05  -0.42
-0.11  0.05  -0.42
-0.11  0.05  -0.42
-0.11  0.04  -0.43
-0.1  0.04  -0.43
-0.1  0.04  -0.43
-0.09  0.05  -0.41
-0.08  0.06  -0.39
-0.08  0.06  -0.39
-0.08  0.06  -0.39
-0.08  0.07  -0.39
-0.08  0.07  -0.39
-0.07  0.07  -0.39
-0.07  0.07  -0.39
-0.08  0.07  -0.37
-0.09  0.06  -0.35
-0.09  0.06  -0.35
-0.08  0.07  -0.35
-0.08  0.07  -0.35
-0.08  0.07  -0.35
-0.08  0.07  -0.35
-0.08  0.07  -0.34
-0.08  0.07  -0.34
-0.08  0.07  -0.34
-0.08  0.07  -0.34
-0.08  0.07  -0.34
-0.08  0.07  -0.34
-0.08  0.07  -0.34
-0.08  0.07  -0.34
-0.08  0.07  -0.34
-0.08  0.07  -0.34
-0.08  0.07  -0.34
-0.08  0.07  -0.34
-0.08  0.07  -0.34
-0.08  0.07  -0.34
-0.08  0.06  -0.35
-0.08  0.06  -0.35
-0.08  0.07  -0.34
-0.08  0.06  -0.34
-0.08  0.06  -0.34
-0.08  0.07  -0.34
-0.08  0.07  -0.34
-0.08  0.07  -0.34
-0.08  0.07  -0.34
-0.08  0.07  -0.34
-0.08  0.07  -0.34
-0.08  0.08  -0.34
-0.08  0.08  -0.34
-0.07  0.08  -0.35
-0.07  0.08  -0.35
-0.07  0.08  -0.35
-0.07  0.08  -0.35
-0.07  0.09  -0.36
-0.07  0.1  -0.36
-0.07  0.1  -0.36
-0.07  0.1  -0.36
-0.07  0.1  -0.36
-0.07  0.09  -0.36
-0.07  0.09  -0.36
-0.07  0.09  -0.36
-0.07  0.09  -0.36
-0.07  0.1  -0.36
-0.07  0.09  -0.36
-0.07  0.09  -0.36
-0.07  0.08  -0.36
-0.07  0.08  -0.36
-0.07  0.08  -0.36
-0.07  0.08  -0.36
-0.07  0.07  -0.36
-0.07  0.08  -0.36
-0.07  0.08  -0.36
-0.07  0.07  -0.36
-0.07  0.07  -0.36
-0.07  0.08  -0.36
-0.07  0.08  -0.35
-0.07  0.08  -0.35
-0.07  0.08  -0.36
-0.07  0.08  -0.36
-0.07  0.08  -0.36
-0.07  0.08  -0.36
-0.07  0.08  -0.36
-0.07  0.08  -0.36
-0.07  0.08  -0.36
-0.07  0.08  -0.36
-0.07  0.08  -0.36
-0.07  0.08  -0.36
-0.07  0.08  -0.36
-0.07  0.08  -0.36
-0.07  0.07  -0.36
-0.05  0.08  -0.36
-0.05  0.08  -0.36
-0.05  0.08  -0.36
-0.05  0.07  -0.36
-0.05  0.08  -0.36
-0.05  0.08  -0.36
-0.05  0.08  -0.36
-0.05  0.08  -0.36
-0.05  0.08  -0.36
-0.07  0.07  -0.36
-0.07  0.07  -0.36
-0.08  0.07  -0.36
-0.08  0.07  -0.36
-0.07  0.07  -0.36
-0.07  0.07  -0.36
-0.06  0.07  -0.36
-0.06  0.07  -0.36
-0.07  0.06  -0.36
-0.07  0.06  -0.36
-0.07  0.06  -0.36
-0.07  0.06  -0.36
-0.07  0.06  -0.36
-0.07  0.06  -0.37
-0.07  0.06  -0.37
-0.06  0.06  -0.37
-0.05  0.06  -0.38
-0.05  0.06  -0.38
-0.05  0.06  -0.38
-0.06  0.06  -0.38
-0.07  0.06  -0.38
-0.07  0.05  -0.38
-0.07  0.05  -0.38
-0.07  0.05  -0.38
-0.07  0.06  -0.38
-0.06  0.06  -0.38
-0.05  0.06  -0.38
-0.07  0.07  -0.38
-0.06  0.07  -0.38
-0.06  0.07  -0.38
-0.06  0.07  -0.38
-0.05  0.07  -0.39
-0.05  0.08  -0.39
-0.07  0.07  -0.38
-0.07  0.07  -0.38
-0.07  0.07  -0.38
-0.08  0.07  -0.38
-0.08  0.07  -0.38
-0.07  0.07  -0.38
-0.07  0.07  -0.38
-0.07  0.07  -0.39
-0.07  0.07  -0.38
-0.07  0.07  -0.38
-0.07  0.07  -0.38
-0.08  0.07  -0.38
-0.08  0.07  -0.38
-0.08  0.07  -0.38
-0.07  0.06  -0.38
-0.07  0.06  -0.38
-0.07  0.06  -0.38
-0.07  0.06  -0.38
-0.07  0.06  -0.38
-0.07  0.06  -0.38
-0.08  0.06  -0.38
-0.08  0.06  -0.38
-0.07  0.06  -0.38
-0.07  0.06  -0.38
-0.07  0.06  -0.38
-0.07  0.06  -0.39
-0.07  0.06  -0.39
-0.07  0.06  -0.39
-0.07  0.06  -0.39
-0.07  0.06  -0.39
-0.07  0.06  -0.39
-0.07  0.06  -0.39
-0.07  0.06  -0.39
-0.07  0.06  -0.4
-0.07  0.06  -0.4
-0.07  0.06  -0.4
-0.07  0.06  -0.4
-0.07  0.06  -0.4
-0.07  0.06  -0.4
-0.07  0.06  -0.4
-0.07  0.06  -0.4
-0.07  0.06  -0.4
-0.07  0.06  -0.4
-0.07  0.06  -0.4
-0.07  0.06  -0.4
-0.07  0.06  -0.4
-0.07  0.06  -0.4
-0.07  0.05  -0.41
-0.07  0.05  -0.41
-0.08  0.05  -0.41
-0.08  0.05  -0.41
-0.08  0.05  -0.41
-0.08  0.05  -0.41
-0.08  0.05  -0.4
-0.08  0.05  -0.4
-0.08  0.05  -0.4
-0.08  0.05  -0.4
-0.08  0.05  -0.4
-0.08  0.05  -0.41
-0.08  0.05  -0.41
-0.08  0.05  -0.4
-0.08  0.05  -0.4
-0.08  0.05  -0.4
-0.08  0.05  -0.4
-0.08  0.05  -0.4
-0.08  0.06  -0.4
-0.08  0.06  -0.4
-0.08  0.06  -0.41
-0.08  0.06  -0.41
0.12  0.05  -0.47
0.12  0.05  -0.47
0.24  0.05  -0.5
0.37  0.04  -0.53
0.48  0.04  -0.55
0.55  0.04  -0.58
0.55  0.04  -0.58
0.65  0.02  -0.6
0.8  0  -0.66
0.89  0.01  -0.67
0.89  0.03  -0.67
0.89  0.03  -0.67
0.87  0.03  -0.66
0.85  0.01  -0.67
0.83  -0.01  -0.67
0.92  -0  -0.69
1.02  0.02  -0.68
1.06  -0.01  -0.69
1.06  -0.01  -0.69
1.15  -0.03  -0.69
1.15  -0.03  -0.69
1.17  -0.01  -0.69
1.13  0.03  -0.69
1.13  0.03  -0.69
0.99  0.8  -0.43
0.9  1.14  -0.25
0.9  1.14  -0.25
0.78  1.54  -0.01
0.66  2.01  0.25
0.57  2.51  0.53
0.47  3.02  0.81
0.33  3.54  1.1
0.33  3.54  1.1
0.13  4.06  1.41
-0.1  4.57  1.74
-0.36  5.1  2.09
-0.36  5.1  2.09
-0.67  5.62  2.45
-1.02  6.17  2.83
-1.02  6.17  2.83
-1.42  6.73  3.22
-1.86  7.29  3.62
-2.32  7.84  4.01
-2.32  7.84  4.01
-5.08  10.14  6.01
-5.08  10.14  6.01
-5.71  10.53  6.38
-6.34  10.89  6.75
-6.96  11.26  7.1
-7.58  11.65  7.42
-7.58  11.65  7.42
-8.2  12.04  7.72
-8.81  12.43  7.99
-9.4  12.81  8.27
-9.4  12.81  8.27
-9.97  13.2  8.51
-10.52  13.6  8.71
-11.07  14  8.89
-11.61  14.41  9.04
-11.61  14.41  9.04
-12.13  14.81  9.2
-12.63  15.23  9.32
-13.13  15.67  9.4
-16.01  18.14  9.58
-16.43  18.48  9.55
-16.84  18.81  9.5
-16.84  18.81  9.5
-17.23  19.12  9.44
-17.61  19.4  9.37
-17.84  19.71  9.28
-18.13  19.98  9.19
-18.44  20.23  9.1
-18.74  20.46  9.01
-19.04  20.69  8.92
-19.04  20.69  8.92
-19.26  20.91  8.85
-19.51  21.12  8.77
-19.77  21.31  8.7
-20.02  21.49  8.63
-22.05  23.29  8.5
-22.22  23.44  8.51
-22.37  23.58  8.51
-22.37  23.58  8.51
-22.62  23.82  8.51
-22.62  23.82  8.51
-22.77  23.97  8.53
-22.9  24.1  8.55
-23.01  24.23  8.56
-24.02  26.58  8.45
-24.08  26.81  8.41
-24.13  27.06  8.38
-24.13  27.06  8.38
-24.18  27.3  8.34
-24.22  27.54  8.31
-24.25  27.78  8.28
-24.25  27.78  8.28
-24.28  28.01  8.25
-23.74  30.75  7.54
-23.67  31.01  7.49
-23.6  31.27  7.45
-23.52  31.51  7.42
-23.52  31.51  7.42
-23.28  32.18  7.36
-23.2  32.39  7.35
-23.2  32.39  7.35
-23.14  32.58  7.36
-22.69  34.21  7.48
-22.64  34.37  7.47
-22.64  34.37  7.47
-22.61  34.53  7.47
-22.57  34.68  7.48
-22.57  34.68  7.48
-22.5  35.5  7.58
-22.51  35.51  7.59
-22.53  35.49  7.61
-22.55  35.46  7.62
-22.81  34.52  7.58
-22.92  34.1  7.55
-22.92  34.1  7.55
-23.27  31.14  7.37
-23.33  30.57  7.37
-23.33  30.57  7.37
-23.61  28.28  7.55
-23.65  28.11  7.59
-23.65  28.11  7.59
-23.67  27.95  7.62
-23.87  26.86  7.99
-23.91  26.82  8.01
-23.96  26.77  8.04
-25.12  25.92  8.25
-25.25  25.81  8.25
-25.39  25.69  8.25
-25.39  25.69  8.25
-25.53  25.56  8.25
-27.18  24.14  8.25
-27.53  23.95  8.28
-27.53  23.95  8.28
-27.72  23.87  8.3
-30.13  22.85  8.53
-30.34  22.75  8.53
-30.54  22.65  8.51
-30.54  22.65  8.51
-31.83  21.95  8.14
-31.86  21.91  8.1
-31.87  21.88  8.06
-31.87  21.88  8.06
-31.86  21.86  8.02
-29.82  22.16  7.85
-29.5  22.22  7.85
-29.16  22.28  7.85
-29.16  22.28  7.85
-26.12  22.67  7.93
-25.76  22.66  7.96
-25.39  22.64  7.99
-25.39  22.64  7.99
-22.28  21.83  8.61
-21.61  21.52  8.81
-21.61  21.52  8.81
-19.16  20.53  9.55
-18.96  20.46  9.55
-18.73  20.39  9.53
-18.73  20.39  9.53
-18.49  20.32  9.5
-18.23  20.25  9.45
-16.73  19.98  9.13
-16.52  19.96  9.1
-16.52  19.96  9.1
-16.19  20.07  9.61
-16.38  20.09  9.73
-16.38  20.09  9.73
-16.46  20.06  9.77
-16.52  19.89  9.72
-16.5  19.83  9.63
-16.5  19.83  9.63
-16.48  19.77  9.59
-16.46  19.71  9.54
-16.46  19.71  9.54
-16.07  19.27  9.18
-15.99  19.23  9.15
-15.92  19.2  9.12
-15.84  19.17  9.1
-15.52  19.1  9.07
-15.44  19.09  9.07
-15.37  19.09  9.08
-14.98  19.22  9.16
-14.96  19.25  9.18
-14.96  19.25  9.18
-14.93  19.29  9.2
-14.91  19.48  9.62
-14.91  19.47  9.67
-14.91  19.47  9.67
-14.94  19.55  9.87
-14.95  19.57  9.88
-14.96  19.6  9.88
-14.97  19.62  9.89
-14.97  19.62  9.89
-15.14  19.79  9.85
-15.17  19.81  9.85
-15.2  19.82  9.85
-15.22  19.82  9.85
-15.27  19.84  9.86
-15.35  19.86  9.89
-15.61  19.92  10.08
-15.65  19.91  10.11
-15.65  19.91  10.11
-15.67  19.91  10.13
-15.74  19.83  10.19
-15.75  19.81  10.2
-15.75  19.81  10.2
-15.75  19.81  10.2
-15.35  18.87  9.77
-14.69  17  9.13
-14.69  17  9.13
-13.88  14.43  8.01
-13.71  13.9  7.65
-13.71  13.9  7.65
-13.63  13.63  7.47
-13.56  13.39  7.28
-12.78  12.58  6.44
-12.55  12.65  6.39
-12.55  12.65  6.39
-12.44  12.74  6.4
-12.44  12.74  6.4
-12.35  12.88  6.44
-12.67  15.39  8.25
-12.83  15.7  8.54
-13.02  15.99  8.83
-13.02  15.99  8.83
-13.22  16.27  9.1
-13.7  16.75  9.61
-13.7  16.75  9.61
-15.29  17.37  10.44
-15.38  17.27  10.36
-15.38  17.27  10.36
-15.48  17.09  10.28
-15.52  16.91  10.13
-15.12  13.74  6.61
-14.92  13.09  5.82
-14.92  13.09  5.82
-14.15  9.55  2.95
-14.09  9.02  2.62
-14.09  9.02  2.62
-14.06  8.49  2.29
-14.04  7.98  1.95
-14.04  7.98  1.95
-14.12  5.28  0.31
-14.19  4.95  0.14
-14.27  4.67  -0.03
-15.4  2.67  -1.06
-15.9  2.34  -1.55
-16.09  2.25  -1.75
-16.24  2.2  -1.97
-16.24  2.2  -1.97
-17.8  2.09  -2.88
-18  2.26  -2.84
-18  2.26  -2.84
-18.05  2.27  -2.83
-18.18  1.83  -2.85
-18.18  1.76  -2.84
-18.18  1.76  -2.84
-18.17  1.72  -2.84
-17.91  2.17  -2.83
-17.91  2.08  -2.83
-17.92  1.99  -2.83
-17.92  1.99  -2.83
-17.94  1.91  -2.83
-17.9  2.27  -2.81
-17.91  2.29  -2.8
-17.91  2.29  -2.8
-17.9  2.25  -2.84
-17.9  2.25  -2.84
-17.9  2.2  -2.84
-17.92  2.26  -2.83
-17.92  2.26  -2.83
-17.93  2.15  -2.83
-17.93  2.08  -2.83
-17.93  2.08  -2.83
-17.89  2.19  -2.81
