160.23  -43.8853  96.6343
160.23  -43.8853  96.6343
167.976  -38.4053  85.046
168.283  -39.2179  84.0783
167.754  -38.7927  85.3444
167.824  -38.5335  85.2785
167.416  -38.5565  86.0227
167.693  -38.8273  85.3453
167.743  -38.7541  85.2873
167.834  -38.6164  85.1717
167.822  -38.6032  85.2219
167.793  -38.619  85.2805
167.795  -38.607  85.2821
167.75  -38.6103  85.333
167.74  -38.6699  85.3253
167.809  -38.7038  85.1754
167.762  -38.626  85.3038
167.782  -38.559  85.2248
167.702  -39.156  85.0818
167.698  -38.8708  85.2209
167.787  -38.5924  85.1727
167.816  -38.6047  85.2155
168.144  -39.4682  84.1887
167.786  -38.5986  85.3352
167.779  -38.7082  85.3269
167.727  -38.7281  85.4199
167.736  -38.7293  85.3851
167.777  -38.7018  85.3179
167.777  -38.8826  85.2347
167.741  -38.9517  85.2751
167.738  -38.8648  85.32
167.869  -38.8059  85.2371
167.908  -38.5109  85.2144
167.859  -38.674  85.2533
167.891  -38.6576  85.1981
167.859  -38.6922  85.1567
168.053  -38.9404  84.6603
167.749  -38.8633  85.296
167.839  -38.6673  85.2078
167.821  -38.7209  85.2192
167.89  -38.7541  85.1816
167.824  -38.7233  85.1317
167.939  -39.9557  84.3595
167.913  -39.0569  84.8368
167.819  -38.9581  85.068
167.815  -38.9983  85.0574
167.797  -39.0001  85.0927
167.849  -38.879  85.0458
167.827  -38.8352  85.0628
167.827  -38.8094  85.0751
167.805  -38.7684  85.1363
167.766  -38.8324  85.1234
167.786  -38.8776  85.0635
167.777  -38.7797  85.1265
167.811  -38.8005  85.1029
167.816  -38.7709  85.1134
167.778  -38.8113  85.117
167.799  -38.8347  85.1501
167.766  -40.4156  84.4215
167.892  -38.6616  85.0813
168.087  -39.2664  84.4741
167.567  -39.1946  85.5392
167.792  -38.857  85.2554
167.746  -38.9221  85.2211
167.902  -38.5837  85.0721
167.878  -38.46  85.1744
167.859  -38.4914  85.1415
167.869  -38.6477  85.0497
167.825  -38.7092  85.1397
167.84  -38.866  85.0464
167.86  -38.6969  85.0852
167.873  -38.6773  85.0688
167.914  -38.6514  85.1797
168.885  -38.6698  83.2859
168.062  -38.7007  84.9077
168.034  -38.7112  84.9577
168.019  -38.749  84.9461
168.701  -39.7499  83.119
167.937  -39.2719  84.8893
167.892  -38.8948  85.153
167.889  -38.9403  85.147
167.861  -38.9442  85.175
167.88  -38.8352  85.1832
167.818  -38.8225  85.3103
167.86  -38.7992  85.2538
167.83  -38.8478  85.2772
167.845  -38.8128  85.2635
167.889  -38.6855  85.233
167.862  -38.7474  85.2581
167.906  -38.6815  85.2029
167.88  -38.7851  85.207
167.884  -38.7669  85.2071
167.876  -38.8149  85.2066
167.839  -38.7491  85.1678
168.158  -39.8679  84.014
167.937  -38.6796  85.0059
167.944  -38.6833  85.1422
168.1  -38.445  84.8599
167.927  -38.531  85.1586
167.858  -38.6357  85.2565
167.867  -38.589  85.2594
167.875  -38.5439  85.2646
167.91  -38.5353  85.1994
167.918  -38.6204  85.1443
167.922  -38.7865  85.0626
167.923  -38.8407  85.0341
167.882  -38.8277  85.0561
167.847  -38.7631  85.156
167.864  -38.6166  85.1706
167.822  -38.6759  85.2261
167.856  -38.6422  85.1885
167.87  -38.6636  85.1518
167.843  -38.6959  85.214
167.853  -38.6704  85.2075
167.868  -38.6022  85.2491
167.626  -38.4558  85.8028
167.945  -38.4362  85.1859
167.926  -38.5397  85.1856
167.922  -38.5425  85.1841
167.927  -38.5475  85.19
167.967  -38.3291  85.2096
167.923  -38.5453  85.1992
167.919  -38.6432  85.2044
167.901  -38.6412  85.2468
167.938  -38.5918  85.1975
167.901  -38.6624  85.2382
167.904  -38.6746  85.2285
167.897  -38.644  85.255
167.906  -38.6448  85.2314
167.935  -38.6281  85.1878
167.936  -38.5688  85.2195
167.952  -38.555  85.1955
167.928  -38.6373  85.203
167.879  -38.5019  85.2265
167.89  -38.5069  85.2029
167.868  -38.5899  85.1986
167.926  -36.0538  86.0739
167.507  -38.5044  85.8314
167.717  -38.5778  85.3779
167.734  -38.5553  85.3553
167.774  -38.5397  85.1819
167.81  -38.649  84.9434
170.814  -39.704  78.2115
167.302  -37.8697  86.2983
167.528  -38.3046  85.6661
167.556  -38.4279  85.6859
166.19  -52.5301  80.7169
171.052  -36.9198  79.1961
171.555  -34.6519  79.1318
166.978  -37.6337  87.1548
167.83  -38.5661  85.0859
167.845  -38.8553  84.9239
167.72  -38.6481  85.2652
167.749  -38.647  85.2093
175.797  -18.1753  89.2366
172.816  -26.0382  92.3736
174.953  -18.5182  90.1373
175.163  -18.7896  89.4141
175.156  -19.02  89.3784
174.982  -19.0074  89.472
174.34  -18.803  89.9209
176.402  -20.5198  85.4112
174.112  -16.9723  90.7239
174.376  -17.8928  90.0384
174.473  -17.9539  89.8369
174.783  -18.6965  89.0797
174.473  -18.292  89.7692
174.495  -18.156  89.7539
174.467  -18.1125  89.8168
174.488  -11.7595  90.8268
172.279  -19.0746  90.6753
172.272  -20.2386  90.4352
172.194  -19.5157  90.9389
170.756  -14.7125  94.4849
171.608  -19.2292  92.1003
172.241  -20.0336  90.7372
172.152  -20.0954  90.8925
172.215  -20.1412  90.7633
172.284  -20.1919  90.6202
172.21  -20.1176  90.7776
172.237  -19.6843  90.8218
172.618  -19.6636  90.0991
172.309  -20.2095  90.5702
172.38  -19.9667  90.4889
172.354  -19.9688  90.5368
172.336  -19.9527  90.5741
172.375  -19.7762  90.5385
173.128  -12.3182  90.424
171.998  -19.3103  91.354
172.344  -19.9974  90.5501
171.829  -19.3414  91.6643
172.211  -19.9272  90.8169
172.18  -19.9265  90.8761
171.442  -17.3447  92.781
172.072  -20.619  90.9269
172.202  -20.3204  90.7476
172.195  -20.3624  90.7518
172.179  -20.3202  90.7914
170.682  -24.7251  92.5082
172.132  -20.8186  90.7678
172.383  -20.0632  90.4616
172.413  -20.0785  90.4002
172.383  -19.8722  90.5032
172.553  -19.9656  90.158
172.34  -20.039  90.548
172.461  -18.7721  90.5902
172.48  -20.1355  90.2605
172.395  -20.0204  90.4478
172.394  -20.0291  90.4471
172.383  -20.0303  90.4687
172.493  -20.1439  90.2326
172.356  -20.1246  90.498
175.698  -14.4562  91.6811
175.553  -15.9934  91.8615
175.323  -14.9256  92.5023
175.541  -14.5632  92.146
175.477  -14.6663  92.2513
175.529  -14.7201  92.1451
175.526  -14.6663  92.1582
175.535  -14.7385  92.1353
175.519  -14.6988  92.173
176.361  -13.5521  90.729
175.817  -13.9287  91.7236
175.553  -14.2825  92.1736
175.524  -14.4265  92.205
175.505  -14.7079  92.1976
174.939  -14.0653  93.3655
175.831  -14.4988  91.6071
175.63  -14.8109  91.9429
175.563  -14.7407  92.0826
175.595  -14.6567  92.0344
175.57  -14.595  92.0923
175.579  -14.4989  92.0891
175.582  -14.4041  92.0985
172.365  -22.0958  90.1838
171.845  -20.9717  91.436
172.327  -21.2683  90.455
172.353  -21.3745  90.3791
171.721  -21.9175  89.6757
171.704  -22.1285  89.6552
172.128  -22.8277  88.6628
170.799  -20.1268  90.1056
170.857  -26.1083  88.4463
170.653  -20.707  90.2508
170.719  -19.9344  90.2992
170.711  -20.2411  90.2461
170.692  -20.1603  90.3005
171.04  -19.6125  92.2861
174.18  -23.7374  85.1698
171.505  -19.944  91.3468
170.941  -19.6412  92.4626
170.875  -19.5868  92.5964
170.855  -19.5231  92.6463
170.233  -20.7979  92.0538
169.835  -20.98  92.7449
169.615  -21.0812  91.8716
168.468  -20.3901  94.1119
169.821  -21.1871  91.6837
169.816  -21.115  91.709
169.838  -21.0506  91.6841
169.85  -21.0922  91.651
169.845  -21.0727  91.6652
169.847  -20.9944  91.6785
169.82  -21.1208  91.6996
170.187  -23.2379  92.3516
170.506  -21.5906  92.0174
170.763  -20.9199  91.6633
170.9  -20.6797  91.4525
171.024  -20.3023  91.2533
171.037  -19.5849  91.263
170.8  -19.7983  91.6469
170.992  -19.1456  91.4165
171.047  -18.1479  91.5186
170.52  -17.9785  92.5295
170.976  -17.9918  91.6823
171.128  -18.1424  91.3674
171.11  -18.1524  91.4003
171.112  -18.1487  91.3965
171.128  -18.2157  91.3525
170.924  -16.3868  93.0281
171.524  -16.9956  91.8059
170.622  -16.5437  93.5525
170.966  -16.199  92.9846
170.912  -16.3218  93.062
170.734  -16.7052  93.3192
170.958  -16.271  92.9865
171.015  -15.6616  92.9848
170.806  -15.9138  93.3265
170.934  -16.3093  93.0238
170.964  -16.3546  92.9603
170.948  -16.3286  92.995
170.982  -16.2354  92.9477
170.936  -16.1416  93.0498
170.964  -16.461  92.9415
171.853  -17.1576  91.1583
171.061  -16.2339  92.8027
171.684  -21.8411  91.7422
171.597  -21.9901  91.8697
171.407  -22.4086  92.0151
171.156  -22.1774  92.5363
171.205  -22.2174  92.3322
170.924  -20.7272  93.1951
171.308  -22.1768  92.1507
171.308  -22.1768  92.1507
171.368  -22.168  92.042
171.37  -22.1892  92.0326
171.35  -22.102  92.0911
172.478  -18.8753  91.0095
177.174  -11.5901  83.3809
172.575  -18.4991  91.394
172.605  -18.511  91.3345
172.742  -18.2496  91.1288
172.709  -18.6102  91.1179
172.601  -16.178  93.7916
170.344  -20.9489  96.9209
172.389  -16.7798  94.0751
172.778  -15.653  93.5536
172.762  -15.5418  93.6027
172.718  -15.6798  93.66
172.765  -15.7122  93.5685
172.823  -15.7208  93.4602
173.183  -14.5003  92.9893
172.987  -15.3723  93.2142
173.603  -14.5948  92.1876
172.793  -15.9467  93.4761
172.872  -15.6934  93.3734
172.881  -15.7715  93.3442
172.904  -15.7094  93.3115
172.931  -15.8223  93.2413
172.944  -15.8579  93.2128
172.927  -15.8749  93.2413
171.429  -23.8217  94.3085
173.213  -16.3683  92.6223
172.907  -15.9835  93.2599
172.935  -16.1814  93.1729
172.89  -16.151  93.2621
172.919  -16.0268  93.2301
172.911  -16.0565  93.2392
175.366  -6.5132  91.1611
174.537  -12.6833  92.0985
175.237  -6.64844  91.3992
175.482  -5.69417  91.4658
176.303  -3.61307  91.8187
176.681  -3.20654  92.0254
177.308  -2.52813  92.2674
177.165  -4.55903  92.464
177.236  -2.61613  92.4035
178.633  -0.648036  93.0343
177.922  -8.7044  96.4373
179.834  -3.32043  93.1719
179.997  0.349045  92.9162
180.068  0.349592  92.7771
180.592  1.46407  93.0693
180.526  1.89403  93.1887
180.603  6.94855  95.3794
181.354  -15.309  93.4933
179.383  10.3858  97.9901
179.92  11.7473  96.8451
179.854  12.3885  96.9318
179.642  13.7708  96.9685
179.372  14.3555  96.9307
178.633  17.2901  96.4224
178.556  11.4082  97.4365
176.772  20.9191  96.7754
177.018  21.3149  96.2363
177.131  21.5223  95.9825
177.201  21.5624  95.8447
177.462  21.3986  95.3968
177.421  21.437  95.4644
177.297  22.2715  95.505
177.131  20.9573  96.1083
154.481  64.483  114.145
181.25  20.4913  88.204
180.095  19.2433  90.8122
180.809  18.2395  89.5916
177.35  19.3737  96.0359
177.124  19.9331  96.3384
178.237  20.0824  94.2319
177.966  19.9267  94.7742
166.956  -36.5748  108.808
160.268  29.1012  120.493
176.047  18.1591  98.6355
176.878  16.7401  97.3919
177.146  19.7564  96.3333
176.16  19.6825  98.1409
176.496  21.5173  97.1465
151.024  38.2956  129.524
175.425  21.018  99.1749
176.032  17.7324  98.7398
175.518  19.0268  99.4111
175.414  20.0563  99.3929
175.31  21.4997  99.2744
174.564  17.9339  101.278
176.84  18.3375  97.1737
157.727  28.8018  123.871
183.3  12.5935  85.4038
177.448  15.7515  96.5167
177.732  15.5497  96.0248
177.904  16.5099  95.5447
177.648  17.5153  95.8425
177.626  16.9434  95.9852
177.407  17.8328  96.229
181.465  26.8901  86.0155
176.308  19.5251  97.9052
176.688  20.422  97.0337
176.6  20.5274  97.1719
176.638  20.4643  97.1166
175.089  15.342  100.796
177.672  19.8053  95.3503
177.65  20.0395  95.3421
177.727  20.0067  95.2062
177.745  20.0959  95.1524
177.631  20.0139  95.3832
177.443  19.8508  95.7662
178.097  18.6607  94.7863
177.004  16.4516  97.2131
177.545  17.9829  95.9469
177.338  19.356  96.0609
177.358  19.4911  95.9974
177.429  19.4252  95.8804
177.473  19.5097  95.7813
177.528  19.4547  95.6896
178.843  15.507  93.9475
178.588  16.1144  94.3292
177.311  19.6186  96.0583
177.399  19.6608  95.8864
150.49  41.351  51.2528
146.448  43.3923  44.9065
146.334  43.4574  45.2145
146.314  43.571  45.1691
146.3  43.4942  45.1818
146.341  43.2989  45.2332
146.363  43.1575  45.4209
146.403  43.1512  45.4177
146.452  43.0571  45.3491
146.393  43.0869  45.5092
146.381  43.1745  45.4658
146.364  42.9938  45.6916
146.411  43.0391  45.4966
146.385  43.1895  45.4389
146.383  43.1388  45.494
146.383  43.1118  45.5193
146.389  43.1379  45.4752
146.372  43.0983  45.5648
146.357  43.1422  45.5735
146.263  43.3507  45.6762
146.343  43.068  45.6889
146.381  43.1658  45.4749
146.374  43.1775  45.4865
146.327  43.2869  45.5307
146.38  43.1149  45.5244
146.374  43.1499  45.5119
146.379  43.1115  45.5315
146.385  43.1231  45.501
146.28  43.0701  45.8881
146.378  43.0772  45.568
146.38  43.1286  45.5109
146.432  42.9844  45.4819
146.397  43.1663  45.4228
146.395  43.115  45.476
146.402  43.1058  45.4614
146.364  43.1086  45.5832
146.385  43.1359  45.4895
146.387  43.1468  45.4709
146.39  43.1427  45.4663
146.441  43.0467  45.3946
146.38  43.1724  45.4699
146.398  43.1192  45.4641
146.389  43.1096  45.5016
146.397  43.1202  45.4665
146.397  43.1037  45.4795
146.397  43.1121  45.472
146.364  43.2503  45.4474
146.38  43.1587  45.4838
146.395  43.1211  45.4694
146.393  43.1292  45.4692
146.393  43.1468  45.452
146.38  43.2057  45.4382
146.391  43.124  45.4819
146.418  43.0721  45.4434
146.366  43.145  45.5402
146.389  43.1354  45.475
149.692  46.1144  40.3841
150.399  38.4362  44.707
149.681  43.6408  42.2714
149.267  45.2094  42.0798
149.301  45.0283  42.1532
149.381  44.8537  42.3289
149.803  45.2597  42.5575
150.353  43.8598  42.0796
150.093  44.7622  42.0565
149.972  45.4851  41.7133
149.974  45.5835  41.5978
150.083  45.6334  41.5893
150.08  45.5902  41.6473
150.127  45.3038  41.7923
150.022  45.6898  41.746
151.306  41.9403  46.6528
151.599  40.8002  47.967
151.436  40.7889  48.4913
151.505  40.7907  48.2727
151.504  40.7443  48.3136
151.512  40.7004  48.3262
151.532  40.6074  48.3409
151.829  38.7629  48.9223
151.407  39.7326  49.4473
151.589  40.594  48.1744
151.556  40.4291  48.4167
151.555  40.6093  48.2676
151.53  40.4143  48.5102
151.501  40.4936  48.5333
150.88  29.0615  57.781
151.377  40.7255  48.7255
151.436  40.7145  48.554
151.561  41.9632  47.0771
151.542  40.6075  48.3095
151.536  40.5366  48.3906
150.923  44.3853  45.6274
150.899  44.9535  45.15
150.848  44.905  45.3664
150.84  44.8954  45.4046
150.84  44.8852  45.4137
150.834  44.8735  45.4447
150.821  44.8775  45.4832
150.696  45.0933  45.257
150.724  45.274  44.9823
150.697  45.1955  45.1525
150.701  45.1182  45.2153
150.713  45.1226  45.1718
150.708  45.0809  45.2291
150.676  45.4522  44.9637
150.648  45.2346  45.2762
150.708  45.1001  45.2118
150.713  45.0904  45.2046
150.71  45.1035  45.1993
150.708  45.1023  45.2081
150.707  45.1024  45.2129
149.731  43.5145  44.9684
149.737  43.5074  44.9556
149.709  43.653  44.9098
149.707  43.5586  45.0075
149.723  43.5285  44.9825
149.724  43.5309  44.9756
149.726  43.5103  44.9912
149.726  43.5103  44.9912
149.727  43.4845  45.0112
149.663  43.7234  44.9917
149.703  43.4969  45.0782
149.722  43.5351  44.9806
149.722  43.5197  44.9955
149.721  43.5207  44.9956
149.735  43.4986  44.973
149.762  43.5234  44.8567
149.746  43.5507  44.8844
149.731  43.5543  44.9314
147.442  65.595  17.1224
150.352  59.1433  15.2124
150.147  47.2022  39.5326
150.089  47.1687  39.7951
149.762  44.7552  43.6286
150.048  44.5432  42.8564
149.75  51.2279  35.8575
149.784  42.6064  45.6584
149.836  42.3295  45.7437
149.633  42.3465  46.3869
149.442  42.933  46.4655
149.273  43.4468  46.5299
146.871  42.9204  54.0535
149.246  41.4799  48.3769
149.778  42.7092  45.58
149.737  43.0355  45.4094
149.49  43.1281  46.1281
120.038  95.9654  52.1204
150.449  46.9182  38.7142
148.239  47.6317  45.735
148.424  47.8499  44.8982
149.288  45.9515  44.0064
154.572  40.5626  28.2375
150.65  41.8143  43.4883
150.259  41.4734  45.1372
150.264  41.2806  45.2969
149.887  42.3038  45.6008
149.654  42.7713  45.9279
150.81  24.428  54.7238
151.485  43.462  38.7091
149.595  45.2585  43.683
149.349  45.6698  44.0925
149.843  44.4143  43.698
150.021  43.4159  44.0888
150.149  42.9757  44.0859
149.919  43.6473  44.2074
149.812  44.2791  43.9409
149.663  44.2056  44.5178
152.348  46.1833  31.5022
150.408  43.5758  42.5866
168.046  -29.9251  79.7886
168.052  -29.9768  79.7577
171.967  -41.0949  84.5078
172.236  -41.0647  83.9741
171.977  -41.1413  84.4662
172.278  -41.2918  84.444
172.288  -41.3095  84.4162
172.308  -41.2949  84.3822
172.802  -41.7466  84.7556
173.548  -44.9886  87.5106
173.96  -46.131  89.3672
173.919  -46.2712  89.5519
173.91  -46.1413  89.6782
173.712  -46.0054  90.3536
173.623  -45.9294  90.5626
173.725  -46.0888  90.2853
173.725  -45.9535  90.3557
173.718  -45.9783  90.3551
173.697  -46.0097  90.3806
173.693  -45.9919  90.3975
173.718  -45.9665  90.3615
173.689  -45.9927  90.4035
173.678  -45.9817  90.4305
173.749  -45.9536  90.3085
173.664  -45.9669  90.4657
173.67  -46.0356  90.4194
173.753  -45.9009  90.3277
173.676  -46.0683  90.39
173.742  -46.0173  90.289
173.602  -46.0298  90.5527
173.755  -45.9403  90.3035
173.694  -46.0061  90.3882
173.751  -45.9787  90.2926
173.703  -46.0411  90.352
173.723  -45.9734  90.3481
173.691  -46.0001  90.396
173.774  -46.0535  90.2103
173.659  -45.9595  90.479
173.688  -46.0042  90.4007
173.745  -45.9639  90.3111
173.724  -45.9718  90.3473
173.719  -46.0049  90.3395
173.689  -46.0274  90.386
173.692  -45.9507  90.4206
173.712  -45.9664  90.3729
173.669  -46.002  90.4372
173.689  -45.9922  90.4048
173.711  -46.0451  90.3357
173.693  -46.0065  90.39
173.727  -45.9684  90.3441
173.721  -46.0241  90.3272
173.711  -45.9485  90.3845
173.736  -45.9575  90.3316
173.656  -46.105  90.4111
173.702  -45.91  90.4212
173.742  -45.9816  90.3084
173.706  -45.9614  90.3877
173.671  -46.0657  90.4025
173.71  -45.9739  90.3743
173.709  -45.996  90.3642
173.725  -45.9933  90.3357
173.696  -46.0069  90.3844
173.753  -45.9067  90.3243
173.639  -46.0996  90.4452
173.724  -45.9771  90.3458
170.992  -41.5172  84.9241
170.996  -41.4228  84.6258
170.926  -41.5622  84.6978
170.94  -41.6877  84.6888
171.374  -42.4194  85.7345
171.25  -42.4244  85.9787
171.3  -42.4631  85.8603
171.335  -42.33  85.8566
171.321  -42.5646  85.7679
171.334  -42.4324  85.8086
171.32  -42.4881  85.8071
171.322  -42.4237  85.8351
171.348  -42.4228  85.785
171.354  -42.4845  85.7414
171.418  -41.7275  85.5971
171.36  -41.7404  85.708
171.42  -41.6588  85.6266
171.45  -41.7281  85.5336
171.433  -41.762  85.5498
171.413  -41.6178  85.6603
170.763  -41.0495  84.498
170.732  -41.0929  84.3297
170.767  -41.1119  84.4352
170.884  -41.0768  84.2251
170.666  -41.0881  84.6614
170.727  -41.0598  84.5567
170.712  -41.0955  84.5624
170.75  -41.1045  84.4811
170.744  -41.1063  84.491
170.807  -41.0989  84.3685
170.673  -41.1308  84.5396
170.55  -41.0009  84.8143
170.632  -41.2243  84.5413
170.725  -41.0828  84.425
170.779  -40.9772  84.368
170.787  -41.1869  84.2493
170.826  -41.0464  84.3191
170.721  -41.1213  84.4864
170.817  -41.1032  84.301
170.774  -41.0896  84.3948
170.773  -41.0752  84.4046
170.678  -41.1023  84.2744
169.956  -44.2294  84.4135
169.949  -44.2345  84.4246
169.69  -45.2607  84.401
169.148  -47.3614  84.447
168.035  -51.0145  84.3646
166.82  -54.9296  84.4545
166.806  -54.9845  84.3866
166.802  -54.9398  84.4306
166.816  -54.9531  84.422
166.815  -54.9626  84.419
166.797  -54.9484  84.3891
166.782  -54.9515  84.4079
166.788  -54.9343  84.4074
166.792  -54.9616  84.3822
166.799  -54.9496  84.3762
166.786  -54.9703  84.3874
166.781  -54.9406  84.4177
166.788  -54.9465  84.3992
166.778  -54.9622  84.4093
166.852  -54.9611  84.3572
166.767  -54.9646  84.3817
166.786  -54.9061  84.3928
166.79  -54.9518  84.3982
166.794  -54.9445  84.3948
166.767  -54.9489  84.3843
166.778  -54.9443  84.3802
166.767  -54.9429  84.4028
166.786  -54.9326  84.397
166.805  -54.913  84.3899
166.786  -54.9592  84.398
166.807  -54.9289  84.3887
166.795  -54.9406  84.4051
166.79  -54.9448  84.4106
166.791  -54.9506  84.4047
166.79  -54.9444  84.4126
166.792  -54.9415  84.4098
166.838  -54.9613  84.3875
166.809  -54.953  84.4275
166.82  -54.9738  84.4024
166.785  -54.9611  84.3933
166.767  -54.9658  84.3424
166.765  -54.9602  84.351
166.739  -54.9415  84.3443
166.739  -54.9486  84.3487
166.743  -54.9403  84.3477
166.738  -54.944  84.3687
166.753  -54.9488  84.3665
166.752  -54.9479  84.3687
166.765  -54.9466  84.3753
166.761  -54.9473  84.3837
166.771  -54.9617  84.3535
166.759  -54.9534  84.3821
166.76  -54.9516  84.383
166.836  -54.973  84.3418
166.762  -54.9557  84.3374
166.728  -54.9487  84.3263
166.732  -54.9502  84.3322
166.743  -54.9362  84.3144
166.717  -54.9381  84.3141
166.726  -54.9505  84.2874
166.688  -54.9491  84.2659
166.676  -54.9452  84.2927
166.689  -54.9214  84.3073
166.708  -54.9259  84.3128
166.723  -54.9337  84.3222
166.723  -54.9377  84.3196
166.726  -54.9258  84.3214
166.728  -54.9199  84.3218
166.724  -54.9299  84.3222
166.72  -54.9183  84.3389
166.731  -54.9393  84.3022
166.754  -54.9496  84.3243
166.726  -54.9537  84.3275
166.737  -54.9429  84.3367
166.731  -54.9501  84.3426
166.746  -54.9453  84.3409
166.738  -54.9521  84.3133
166.728  -54.9562  84.3315
166.727  -54.9464  84.3621
166.75  -54.9406  84.3635
166.769  -54.9492  84.3608
166.774  -54.9341  84.3607
166.788  -54.9424  84.3672
166.786  -54.9464  84.3686
166.785  -54.9456  84.3726
166.794  -54.9533  84.3484
166.781  -54.9607  84.3697
166.776  -54.9577  84.3811
166.792  -54.9586  84.4377
166.79  -54.9561  84.443
166.805  -54.9752  84.4261
166.816  -54.9682  84.4102
166.834  -54.9549  84.4309
166.837  -54.9602  84.422
166.845  -54.9572  84.442
166.851  -54.955  84.4322
166.873  -54.972  84.4034
166.856  -54.9622  84.4446
166.834  -54.9675  84.3973
166.786  -54.9609  84.4167
166.793  -54.9537  84.4071
166.8  -54.9578  84.4042
166.803  -54.9564  84.3996
166.798  -54.949  84.4134
166.801  -54.9457  84.4103
166.801  -54.9487  84.4078
166.81  -54.9702  84.4191
166.808  -54.9691  84.4244
166.806  -54.9657  84.4415
166.796  -54.9768  84.3835
166.791  -54.9702  84.3985
166.796  -54.9599  84.401
166.786  -54.9659  84.4172
166.804  -54.9772  84.3964
166.776  -54.955  84.3927
166.769  -54.9598  84.403
166.772  -54.9463  84.4106
166.778  -54.9592  84.415
166.77  -54.9612  84.3698
166.78  -54.9614  84.3487
166.774  -54.9472  84.37
166.769  -54.9554  84.3755
166.777  -54.9546  84.361
166.774  -54.9565  84.3651
166.777  -54.96  84.3565
166.759  -54.9548  84.3274
166.731  -54.9477  84.332
166.734  -54.9424  84.3297
166.752  -54.9483  84.3257
166.748  -54.9406  84.3385
166.887  -54.9964  84.3613
166.895  -54.9954  84.3453
167.005  -55.1141  84.4244
167.094  -55.2045  84.5175
167.085  -55.2131  84.5294
167.148  -55.2727  84.6535
167.145  -55.273  84.6592
167.159  -55.3758  84.8876
167.169  -55.3789  84.8665
167.149  -55.502  85.0716
167.144  -55.5026  85.0809
167.145  -55.4911  85.0877
167.146  -55.4975  85.0811
167.151  -55.4982  85.071
167.15  -55.4956  85.0744
167.192  -55.9433  86.3402
167.186  -55.9416  86.3519
167.155  -56.0478  86.7168
167.075  -56.1291  86.9471
167.017  -56.1695  87.0552
166.962  -56.2337  87.1926
166.964  -56.2242  87.1945
166.942  -56.2942  87.3846
166.952  -56.2928  87.3653
166.964  -56.2855  87.4069
166.996  -56.2597  87.4065
167  -56.2683  87.3928
166.993  -56.2727  87.4038
166.999  -56.2684  87.395
166.999  -56.2696  87.3938
166.999  -56.2609  87.4008
166.995  -56.2656  87.4041
166.991  -56.2625  87.4148
166.996  -56.2632  87.404
166.998  -56.2558  87.4059
166.992  -56.2672  87.4085
167.004  -56.2691  87.3845
166.994  -56.2659  87.4062
166.998  -56.2664  87.3981
167.002  -56.2655  87.3913
166.993  -56.2611  87.4114
166.995  -56.2617  87.4062
167  -56.2611  87.3984
167.007  -56.2759  87.3752
166.992  -56.2683  87.4091
166.992  -56.2629  87.4119
166.994  -56.2541  87.414
166.998  -56.2726  87.3943
166.998  -56.27  87.3962
166.838  -55.3165  84.9831
166.832  -55.1506  84.609
166.823  -55.1466  84.6328
166.823  -55.1574  84.6261
166.809  -55.148  84.7253
166.813  -55.1306  84.729
166.801  -55.1505  84.954
166.821  -55.1638  85.1287
166.85  -55.1945  85.4498
166.843  -55.1878  85.4681
166.891  -55.2188  85.8596
166.916  -55.2428  86.0904
166.91  -55.2302  86.1095
166.89  -55.2729  86.4607
166.901  -55.2483  86.4548
166.898  -55.2579  86.4557
166.893  -55.2599  86.4623
166.89  -55.2463  86.4776
166.892  -55.2559  86.4682
166.887  -55.2531  86.4793
166.889  -55.2516  86.4761
166.893  -55.2578  86.464
166.907  -55.2552  86.44
166.888  -55.2626  86.4715
166.894  -55.2602  86.4603
166.89  -55.2606  86.4676
166.906  -55.2623  86.4366
166.89  -55.2616  86.4682
166.89  -55.249  86.4757
166.89  -55.2565  86.4714
166.895  -55.248  86.4671
166.889  -55.259  86.471
166.895  -55.2561  86.4614
166.904  -55.2511  86.447
166.9  -55.265  86.4473
166.894  -55.2464  86.4694
166.891  -55.2607  86.466
166.896  -55.261  86.4569
166.894  -55.2627  86.4592
166.893  -55.2526  86.4681
166.892  -55.2501  86.4713
166.895  -55.2492  86.4663
166.891  -55.2512  86.4725
166.895  -55.2567  86.4609
166.893  -55.2428  86.4734
166.885  -55.256  86.4813
166.895  -55.251  86.4653
166.891  -55.2487  86.4745
166.911  -55.2663  86.4241
166.888  -55.2564  86.4753
166.898  -55.25  86.4604
166.891  -55.2502  86.4724
166.895  -55.2476  86.4673
166.897  -55.2507  86.4618
166.893  -55.2494  86.4695
166.895  -55.2645  86.4566
166.893  -55.258  86.4651
166.891  -55.256  86.4688
166.567  -55.2162  85.1619
166.402  -55.3253  85.0991
166.362  -55.4156  85.2036
166.309  -55.522  85.3103
166.317  -55.4993  85.3098
166.275  -55.6271  85.5058
166.274  -55.7603  85.7464
166.275  -55.7598  85.7458
166.283  -55.8918  86.0259
166.3  -56.0311  86.3363
166.331  -56.1024  86.4755
166.333  -56.1068  86.4702
166.365  -56.2379  86.7609
166.374  -56.2533  86.7341
166.367  -56.2471  86.7522
166.361  -56.2563  86.7564
166.363  -56.2475  86.7592
166.367  -56.2418  86.7557
166.36  -56.2521  86.7609
166.368  -56.2465  86.7492
166.375  -56.2465  86.7363
166.362  -56.2448  86.7623
166.368  -56.2416  86.7541
166.36  -56.2472  86.765
166.365  -56.2424  86.7578
166.363  -56.2393  86.7644
166.368  -56.2465  86.7508
166.373  -56.2323  86.7493
166.372  -56.2407  86.7462
166.37  -56.2483  86.7451
166.376  -56.2471  86.7349
166.377  -56.2488  86.7313
166.366  -56.2389  86.7589
166.368  -56.2553  86.7445
166.364  -56.2438  86.7595
166.367  -56.2475  86.7518
166.367  -56.2491  86.75
166.365  -56.2461  86.7552
166.366  -56.2453  86.755
166.371  -56.2571  86.7372
166.364  -56.2431  86.7608
166.366  -56.2489  86.7531
166.368  -56.2327  86.7597
166.368  -56.2482  86.7482
166.378  -56.2473  86.7312
166.369  -56.2436  86.7497
166.366  -56.2422  86.7574
166.366  -56.2361  86.76
166.366  -56.2434  86.7562
166.372  -56.2351  86.7499
166.367  -56.2412  86.7548
166.364  -56.2545  86.7528
166.368  -56.2522  86.7465
166.374  -56.2455  86.7401
166.365  -56.2445  86.7579
166.484  -56.364  84.661
166.485  -56.3556  84.6661
166.507  -56.3678  84.6754
166.511  -56.3734  84.6636
166.528  -56.39  84.7339
166.561  -56.427  84.8342
166.559  -56.4358  84.8319
166.576  -56.4866  84.9776
166.577  -56.4848  84.9766
166.601  -56.5378  85.1672
166.602  -56.5428  85.1624
166.649  -56.594  85.3946
166.671  -56.619  85.5383
166.702  -56.6825  85.7338
166.69  -56.6721  85.763
166.683  -56.675  85.7748
166.682  -56.6779  85.7758
166.689  -56.666  85.77
166.678  -56.6765  85.7844
166.685  -56.6701  85.775
166.686  -56.6755  85.7701
166.697  -56.6877  85.7408
166.695  -56.6831  85.7472
166.691  -56.6749  85.7601
166.685  -56.6706  85.7749
166.692  -56.6851  85.7522
166.686  -56.6707  85.7716
166.69  -56.6756  85.762
166.685  -56.6764  85.7698
166.683  -56.675  85.7749
166.681  -56.6853  85.7719
166.689  -56.6714  85.7658
166.694  -56.649  85.7718
166.687  -56.6676  85.7719
166.687  -56.6747  85.7686
166.68  -56.6713  85.7834
166.689  -56.6864  85.7555
166.68  -56.6766  85.7801
166.686  -56.6791  85.7663
166.688  -56.6661  85.7726
166.69  -56.6914  85.7502
166.687  -56.6741  85.7679
166.684  -56.6761  85.772
166.687  -56.6688  85.7727
166.689  -56.673  85.765
166.691  -56.6803  85.7565
166.685  -56.6711  85.7742
166.685  -56.6761  85.7714
166.689  -56.6833  85.7593
166.685  -56.6706  85.7747
166.687  -56.6788  85.7643
166.682  -56.6741  85.7777
166.692  -56.6841  85.7521
166.688  -56.6739  85.7663
166.69  -56.6661  85.7677
166.686  -56.6814  85.7664
166.689  -56.6822  85.7586
166.684  -56.6703  85.7762
166.686  -56.671  85.773
166.691  -56.6681  85.7651
166.686  -56.6762  85.7691
166.682  -56.6767  85.7757
166.683  -56.6637  85.7821
166.688  -56.6766  85.7639
166.689  -56.6655  85.7707
166.695  -56.6688  85.7557
166.686  -56.6782  85.7678
166.694  -56.686  85.7475
166.686  -56.6708  85.7716
166.679  -56.6804  85.78
166.685  -56.6719  85.7742
166.689  -56.6716  85.7664
166.69  -56.6822  85.7563
166.694  -56.6844  85.747
166.686  -56.6784  85.7678
166.685  -56.6756  85.7719
166.685  -56.7021  85.7528
166.683  -56.6662  85.7805
166.686  -56.6737  85.7711
166.687  -56.6624  85.7757
166.883  -55.4491  84.6324
166.905  -55.4664  84.6952
166.953  -55.5126  84.8056
166.952  -55.5132  84.8079
166.991  -55.5818  84.961
166.995  -55.5871  84.9512
167.03  -55.6776  85.1286
167.037  -55.7636  85.3283
167.053  -55.8234  85.4444
167.061  -55.8227  85.4286
167.054  -55.9123  85.6782
167.091  -56.0139  85.9437
167.09  -56.0193  85.9421
167.088  -56.0189  85.9447
167.094  -56.0309  85.9266
167.088  -56.0139  85.9493
167.09  -56.0217  85.9393
167.087  -56.0122  85.9513
167.083  -56.0269  85.9503
167.083  -56.0269  85.9503
167.091  -56.0087  85.9457
167.089  -56.0172  85.9454
167.099  -56.0224  85.9228
167.086  -56.0214  85.9486
167.086  -56.0241  85.9454
167.09  -56.0195  85.9419
167.085  -56.0127  85.9545
167.087  -56.0271  85.9413
167.097  -56.0218  85.926
167.091  -56.0324  85.9307
167.095  -56.0308  85.9248
167.084  -56.0167  85.954
167.085  -56.0173  85.9518
167.087  -56.0218  85.9447
167.088  -56.0132  85.9485
167.1  -56.0092  85.928
167.093  -56.0212  85.934
167.084  -56.0187  85.9525
167.09  -56.0296  85.9351
167.087  -56.0174  85.9485
167.086  -56.01  85.9546
167.095  -56.027  85.9264
167.098  -56.0248  85.9229
167.087  -56.0194  85.9478
167.089  -56.033  85.9351
167.085  -56.0188  85.9509
167.088  -56.0255  85.9416
167.088  -56.0123  85.9501
167.086  -56.0184  85.9502
167.086  -56.0142  85.9522
167.086  -56.0231  85.9464
167.092  -55.9918  85.9563
167.09  -56.0209  85.9404
167.086  -56.0114  85.9546
167.091  -56.0196  85.9392
167.096  -56.02  85.9286
167.092  -56.0429  85.9217
167.083  -56.0259  85.9514
167.09  -56.0148  85.9437
167.09  -56.025  85.9374
167.094  -56.0221  85.9318
167.096  -56.0245  85.9265
167.09  -56.0213  85.9408
167.089  -56.0146  85.9455
167.086  -56.0163  85.9512
167.087  -56.0083  85.9553
167.085  -56.0224  85.9481
167.086  -56.0217  85.948
167.083  -56.0131  85.9583
167.096  -56.0246  85.926
166.808  -55.6937  84.8465
166.821  -55.7373  85.0349
166.855  -55.7836  85.2554
166.845  -55.7878  85.2728
166.842  -55.8426  85.5167
166.848  -55.8388  85.5092
166.865  -55.898  85.7972
166.873  -55.8906  85.786
166.918  -55.9484  86.0631
166.953  -56.015  86.3401
166.977  -56.0383  86.4695
166.976  -56.0466  86.4664
167.004  -56.1011  86.6905
167.003  -56.0999  86.6936
167.006  -56.0976  86.6882
167.004  -56.0988  86.6916
167.003  -56.1019  86.6917
167.005  -56.1044  86.687
167.002  -56.0946  86.6981
167.006  -56.0917  86.6924
167.005  -56.0967  86.6915
167.005  -56.0999  86.6895
167.004  -56.1039  86.6886
167.007  -56.0958  86.6877
167.007  -56.0993  86.6865
167.005  -56.1051  86.685
167.022  -56.1054  86.6538
167.007  -56.1029  86.6828
167.007  -56.1018  86.684
167.004  -56.1116  86.6839
167.004  -56.0962  86.6935
167.004  -56.096  86.6934
167.015  -56.1003  86.6698
167.007  -56.0591  86.7118
167.017  -56.1156  86.6569
167.004  -56.0987  86.6926
167.004  -56.1032  86.689
167.005  -56.1012  86.6875
167.009  -56.1062  86.6773
167.012  -56.1113  86.6687
167.018  -56.0976  86.665
167.007  -56.1057  86.6815
167.005  -56.1046  86.6857
167.008  -56.1174  86.673
166.778  -55.9662  84.8642
166.779  -55.9102  84.806
166.816  -55.9331  84.9869
166.818  -55.9378  84.9787
166.85  -55.9971  85.2443
166.929  -56.1228  86.0478
166.93  -56.1165  86.0513
166.943  -56.1719  86.3739
166.944  -56.171  86.3722
166.96  -56.224  86.6621
166.955  -56.2052  86.6843
166.935  -56.2416  86.9417
166.936  -56.2295  86.9464
166.933  -56.2327  86.951
166.938  -56.2375  86.9383
166.939  -56.2317  86.9398
166.93  -56.2416  86.9506
166.934  -56.2484  86.9384
166.934  -56.2388  86.9441
166.934  -56.2384  86.9457
166.934  -56.2438  86.9417
166.936  -56.2363  86.9423
166.936  -56.2428  86.9382
166.942  -56.25  86.922
166.93  -56.2472  86.9471
166.936  -56.2381  86.9424
166.942  -56.2579  86.9169
166.93  -56.2482  86.9464
166.937  -56.2405  86.9385
166.936  -56.2319  86.9459
166.942  -56.2395  86.9299
166.935  -56.2444  86.9384
166.939  -56.2427  86.9334
166.943  -56.242  86.9246
166.934  -56.2394  86.944
166.936  -56.2407  86.9399
166.934  -56.2317  86.9492
166.936  -56.24  86.9408
166.933  -56.2426  86.945
166.942  -56.2449  86.9264
166.937  -56.2371  86.9405
166.933  -56.2475  86.9413
166.936  -56.2325  86.9442
166.939  -56.2426  86.9335
166.942  -56.245  86.9253
166.935  -56.2407  86.9426
166.936  -56.2416  86.9389
166.935  -56.2473  86.9377
166.936  -56.2389  86.9416
166.939  -56.2489  86.9285
166.937  -56.2704  86.9191
166.825  -56.1967  84.9566
166.824  -56.1909  84.962
166.847  -56.2025  84.9814
166.848  -56.2076  84.9763
166.858  -56.2418  84.9574
166.854  -56.2343  84.9703
166.861  -56.2618  84.9409
166.858  -56.2513  84.9552
166.869  -56.2693  84.8949
166.866  -56.2691  84.8998
166.85  -56.2728  84.7983
166.812  -56.2651  84.7219
166.809  -56.2684  84.7259
166.805  -56.2477  84.6551
166.813  -56.2438  84.643
166.817  -56.2533  84.6277
166.783  -56.2067  84.5273
166.79  -56.1615  84.535
166.797  -56.1641  84.5198
166.787  -56.1366  84.5234
166.807  -56.1214  84.5145
166.799  -56.1196  84.5304
166.813  -56.0803  84.5136
166.82  -56.0795  84.5008
166.856  -55.9419  84.4609
166.861  -55.9486  84.4469
166.908  -55.8547  84.4268
166.902  -55.8546  84.4378
166.989  -55.7862  84.4301
166.985  -55.7805  84.4423
166.984  -55.7856  84.4406
166.989  -55.793  84.4255
166.986  -55.7837  84.4391
166.992  -55.7886  84.4235
166.963  -55.7884  84.3479
166.954  -55.7607  84.384
166.952  -55.7786  84.385
166.951  -55.7701  84.3916
166.962  -55.7865  84.3894
166.961  -55.7884  84.4242
166.961  -55.7901  84.4226
166.974  -55.7909  84.4231
166.97  -55.786  84.4344
166.983  -55.7901  84.4268
166.989  -55.7911  84.4347
166.985  -55.7869  84.4445
166.998  -55.7845  84.4462
166.995  -55.7935  84.4449
166.995  -55.7928  84.4452
166.988  -55.8025  84.4536
166.997  -55.8005  84.4366
166.991  -55.7941  84.4526
166.995  -55.8002  84.4413
167.037  -55.8147  84.4145
167.029  -55.7955  84.4585
167.016  -55.8061  84.4768
167.033  -55.8075  84.4421
166.99  -55.7994  84.4326
166.994  -55.8  84.4242
166.992  -55.7984  84.4156
166.997  -55.7912  84.4106
166.994  -55.7954  84.4184
166.992  -55.7966  84.4233
166.988  -55.8015  84.4273
166.987  -55.7985  84.4318
166.981  -55.8006  84.4433
166.984  -55.8063  84.4337
166.988  -55.7946  84.4331
166.988  -55.8  84.4284
166.991  -55.7977  84.4247
167.01  -55.7986  84.4403
167.011  -55.7957  84.4468
167.009  -55.8001  84.4468
166.989  -55.8029  84.3801
166.961  -55.7914  84.3709
166.952  -55.7788  84.3954
166.98  -55.7781  84.3952
166.979  -55.7757  84.398
167.009  -55.8097  84.4317
167.007  -55.8134  84.4322
167.006  -55.8139  84.4335
167.018  -55.8235  84.4032
167.008  -55.8126  84.4312
167.005  -55.8137  84.435
167.005  -55.8102  84.4376
167.057  -55.8837  84.4675
166.992  -56.0767  84.8242
166.978  -56.1959  85.0826
166.993  -56.2076  85.0473
166.948  -56.3222  85.2808
166.947  -56.3198  85.2859
166.951  -56.4521  85.4995
166.922  -56.5162  85.6342
166.987  -56.8704  86.311
166.991  -56.8713  86.3033
166.991  -56.9876  86.4798
166.988  -56.9905  86.4833
166.989  -56.9821  86.4873
166.999  -56.9914  86.4623
166.988  -56.9931  86.4832
166.989  -56.9869  86.485
166.993  -56.9749  86.4846
166.993  -56.9841  86.4778
166.998  -56.9738  86.4761
166.984  -56.9935  86.4899
166.991  -56.99  86.4785
166.991  -56.9798  86.4852
166.999  -57.0005  86.4559
166.991  -56.9907  86.4773
166.996  -56.986  86.4716
166.987  -56.9923  86.4855
166.99  -56.9904  86.4795
166.988  -56.9841  86.4877
166.995  -56.9789  86.4776
166.983  -56.9909  86.4933
166.989  -56.9856  86.4846
166.994  -56.9869  86.4757
167.002  -56.9939  86.4548
166.994  -56.9885  86.4743
166.998  -56.9833  86.4687
166.987  -56.9948  86.4832
166.993  -56.9853  86.4773
166.988  -56.978  86.4922
166.991  -56.9798  86.4857
166.987  -56.992  86.4857
166.992  -56.9879  86.4789
166.988  -56.9846  86.4883
166.991  -56.9888  86.4802
166.991  -56.9804  86.4849
166.999  -56.9975  86.4589
166.993  -56.9858  86.4781
166.992  -56.9814  86.4829
166.998  -56.9709  86.478
166.991  -56.9863  86.4803
166.749  -57.2178  84.5855
166.755  -57.2172  84.5745
166.78  -57.2136  84.4974
166.775  -57.2123  84.5073
166.791  -57.2019  84.4829
166.791  -57.1933  84.4882
166.784  -57.2118  84.4926
166.762  -57.2112  84.4431
166.751  -57.2117  84.465
166.747  -57.2282  84.489
166.75  -57.2307  84.5453
166.749  -57.2426  84.5737
166.748  -57.2434  84.5768
166.745  -57.2468  84.6658
166.75  -57.2463  84.6547
166.751  -57.25  84.6517
166.745  -57.247  84.6643
166.752  -57.254  84.6468
166.879  -57.3669  85.4919
166.921  -57.4143  85.7132
166.975  -57.4283  85.9474
166.971  -57.4288  85.9545
167.027  -57.4583  86.1755
167.024  -57.4614  86.1793
167.086  -57.4687  86.3929
167.127  -57.4933  86.6047
167.149  -57.4887  86.7173
167.148  -57.4949  86.7142
167.178  -57.4966  86.8782
167.177  -57.4976  86.8805
167.207  -57.486  87.0314
167.207  -57.4805  87.0336
167.204  -57.49  87.0341
167.225  -57.5087  86.9803
167.208  -57.4863  87.0283
167.207  -57.4805  87.0349
167.213  -57.4945  87.0138
167.195  -57.4989  87.0462
167.208  -57.4857  87.0284
167.199  -57.4866  87.0459
167.205  -57.4749  87.0417
167.208  -57.4837  87.0307
167.207  -57.4881  87.0304
167.206  -57.4892  87.0308
167.219  -57.4865  87.0078
167.204  -57.4916  87.0338
167.207  -57.4847  87.0325
167.212  -57.4981  87.013
167.203  -57.4964  87.0319
167.206  -57.485  87.0329
167.195  -57.4922  87.0493
167.206  -57.4807  87.0364
167.208  -57.4845  87.0296
167.221  -57.4896  87.0019
167.209  -57.4851  87.0271
167.204  -57.4877  87.0352
167.213  -57.4996  87.0107
167.208  -57.4816  87.0316
167.204  -57.496  87.0298
167.218  -57.4889  87.0072
167.2  -57.491  87.0418
167.208  -57.4875  87.0281
167.214  -57.4893  87.0155
167.207  -57.4744  87.039
167.206  -57.4882  87.0305
167.207  -57.4917  87.0272
167.204  -57.4812  87.0404
167.214  -57.4894  87.0148
167.211  -57.4832  87.0251
166.833  -56.1934  84.4265
166.829  -56.1742  84.4473
166.845  -56.1473  84.4983
166.846  -56.1501  84.4951
166.86  -56.1333  84.5658
166.862  -56.1306  84.6011
166.824  -56.1266  84.7553
166.833  -56.2053  85.2191
166.832  -56.2195  85.2113
166.852  -56.2457  85.5066
166.852  -56.2877  85.7535
166.847  -56.2887  85.7637
166.836  -56.2897  85.7834
166.84  -56.2936  85.7736
166.856  -56.2736  85.7558
166.84  -56.2917  85.7742
166.844  -56.2843  85.7726
166.84  -56.2781  85.7832
166.852  -56.2788  85.7603
166.844  -56.2854  85.7712
166.841  -56.2804  85.7807
166.851  -56.2739  85.7646
166.839  -56.2897  85.7775
166.844  -56.2823  85.7733
166.838  -56.2853  85.7831
166.841  -56.283  85.7787
166.842  -56.2829  85.7765
166.852  -56.2892  85.7525
166.835  -56.2706  85.7991
166.844  -56.2826  85.7731
166.849  -56.2949  85.7555
166.844  -56.2828  85.7722
166.856  -56.2797  85.7523
166.843  -56.2883  85.7718
166.844  -56.2838  85.7717
166.853  -56.3157  85.7341
166.845  -56.2825  85.7706
166.845  -56.2751  85.7759
166.847  -56.2873  85.7648
166.844  -56.2848  85.7723
166.842  -56.2806  85.7777
166.846  -56.2762  85.7722
166.846  -56.2762  85.7722
166.847  -56.2866  85.7645
166.847  -56.2882  85.7627
166.841  -56.2915  85.7723
166.845  -56.2663  85.782
166.849  -56.2793  85.7661
167.078  -55.542  86.0766
167.125  -55.5482  86.3216
167.126  -55.5337  86.3279
167.211  -55.5639  86.5913
167.265  -55.6033  86.7791
167.287  -55.6388  86.8667
167.284  -55.622  86.8823
167.317  -55.6509  86.9716
167.363  -55.7104  86.9664
167.358  -55.7465  86.9247
167.356  -55.7376  86.9337
167.348  -55.7753  86.8248
167.352  -55.7784  86.8153
167.377  -55.8308  86.6209
167.368  -55.8416  86.6327
167.379  -55.833  86.6164
167.376  -55.827  86.6251
167.379  -55.8241  86.6212
167.388  -55.8224  86.6065
167.374  -55.8313  86.6279
167.368  -55.8181  86.6467
167.37  -55.8224  86.6398
167.377  -55.8315  86.6209
167.387  -55.8365  86.5991
167.38  -55.8221  86.6213
167.382  -55.8262  86.615
167.373  -55.8218  86.6351
167.386  -55.8409  86.5979
167.381  -55.8289  86.6149
167.379  -55.8543  86.6031
167.374  -55.8199  86.6341
167.377  -55.8246  86.6259
167.374  -55.818  86.6366
167.38  -55.8398  86.6109
167.374  -55.8306  86.627
167.329  -55.9122  86.6045
167.291  -56.0315  86.9849
167.309  -56.0372  86.9461
167.283  -56.1453  87.2598
167.265  -56.2208  87.4039
167.229  -56.3568  87.6002
167.23  -56.3462  87.6041
167.186  -56.4945  87.7815
167.181  -56.5029  87.7859
167.137  -56.6402  87.9426
167.126  -56.6517  87.9561
167.096  -56.7825  88.0882
167.092  -56.783  88.0956
167.094  -56.7739  88.0983
167.092  -56.7887  88.0924
167.107  -56.7953  88.0591
167.091  -56.7889  88.0926
167.097  -56.7842  88.0858
167.095  -56.7842  88.0889
167.095  -56.7732  88.096
167.096  -56.7797  88.0894
167.096  -56.7781  88.0916
167.089  -56.8011  88.0885
167.099  -56.7902  88.0783
167.105  -56.7838  88.071
167.101  -56.7871  88.0763
167.095  -56.7882  88.0864
167.09  -56.7835  88.0987
167.095  -56.7793  88.093
167.089  -56.7866  88.0987
167.104  -56.7912  88.0673
167.098  -56.7883  88.0808
167.088  -56.7872  88.1012
167.102  -56.781  88.0774
167.093  -56.7855  88.0915
167.091  -56.7882  88.0933
167.089  -56.7842  88.1006
167.09  -56.7882  88.0956
167.087  -56.7807  88.1059
167.1  -56.7782  88.0838
167.097  -56.7792  88.0885
167.098  -56.7643  88.0966
167.095  -56.7848  88.0883
167.099  -56.7898  88.0781
167.094  -56.7844  88.0902
167.089  -56.7846  88.0997
167.088  -56.7883  88.1001
167.09  -56.7902  88.0949
167.088  -56.7891  88.0995
167.089  -56.7817  88.1026
167.097  -56.7829  88.0856
167.096  -56.7772  88.0912
167.094  -56.7869  88.0886
167.097  -56.7841  88.0854
167.092  -56.7851  88.0946
167.105  -56.79  88.0665
167.095  -56.7859  88.0884
167.087  -56.7946  88.0979
167.089  -56.7845  88.1005
167.094  -56.7792  88.0938
167.109  -56.7896  88.0589
167.089  -56.7963  88.0926
167.092  -56.78  88.097
167.094  -56.7796  88.0938
167.101  -56.7892  88.0745
167.09  -56.7884  88.0959
167.095  -56.7891  88.0853
167.377  -56.4231  84.5757
167.391  -56.378  84.5068
167.388  -56.3761  84.514
167.398  -56.353  84.4985
167.411  -56.3186  84.4777
167.415  -56.3229  84.4661
167.429  -56.3132  84.4322
167.412  -56.2765  84.3587
167.401  -56.2488  84.3675
167.394  -56.2509  84.3808
167.422  -56.2234  84.3621
167.422  -56.2388  84.3508
167.458  -56.228  84.3824
167.454  -56.2354  84.3841
167.466  -56.2369  84.3597
167.461  -56.2339  84.3723
167.46  -56.2317  84.3759
167.445  -56.2481  84.384
167.456  -56.2607  84.3551
167.371  -56.2571  84.3833
167.356  -56.2412  84.371
167.359  -56.2376  84.3684
167.342  -56.2304  84.3737
167.338  -56.228  84.3836
167.328  -56.2313  84.3979
167.341  -56.224  84.3778
167.28  -56.2141  84.3758
167.272  -56.1798  84.3794
167.268  -56.1837  84.3846
167.268  -56.1466  84.3975
167.273  -56.1415  84.3899
167.28  -56.1693  84.358
167.329  -56.0879  84.3717
167.32  -55.8298  84.474
167.332  -55.8069  84.5181
167.337  -55.7943  84.5164
167.398  -55.7605  84.587
167.433  -55.7375  84.6169
167.431  -55.7264  84.6283
167.5  -55.6818  84.6836
167.497  -55.6926  84.683
167.573  -55.6472  84.7597
167.61  -55.6289  84.8034
167.672  -55.5833  84.8739
167.676  -55.5846  84.8638
167.7  -55.5452  84.944
167.709  -55.5605  84.9148
167.7  -55.5569  84.9369
167.705  -55.5466  84.9333
167.703  -55.5468  84.9361
167.711  -55.5428  84.9236
167.934  -55.6506  86.1355
167.938  -55.6514  86.128
167.943  -55.6572  86.1148
167.936  -55.6534  86.1306
167.937  -55.6524  86.1298
167.933  -55.6548  86.136
167.934  -55.6579  86.1326
167.936  -55.6543  86.131
167.945  -55.6568  86.1101
167.936  -55.6592  86.1268
167.945  -55.6535  86.1126
167.936  -55.6509  86.1329
167.931  -55.6604  86.1368
167.937  -55.6547  86.1288
167.932  -55.6457  86.1434
167.932  -55.6496  86.1403
167.928  -55.6533  86.1456
167.936  -55.6527  86.132
167.958  -55.6522  86.0888
167.944  -55.6578  86.1117
167.938  -55.6485  86.131
167.937  -55.6608  86.1246
167.933  -55.6495  86.1383
167.929  -55.6642  86.1372
167.935  -55.6557  86.1308
167.944  -55.654  86.1145
167.94  -55.6457  86.1285
167.94  -55.655  86.1213
167.933  -55.6534  86.1368
167.933  -55.6507  86.1379
167.933  -55.6475  86.1414
167.933  -55.6564  86.1346
167.939  -55.6495  86.1274
167.935  -55.6506  86.134
167.937  -55.6499  86.1306
167.934  -55.6549  86.1339
167.947  -55.6603  86.105
167.929  -55.6571  86.1426
167.937  -55.6483  86.1311
167.936  -55.654  86.1305
167.936  -55.6453  86.1355
167.942  -55.6384  86.1278
167.934  -55.6549  86.1343
167.937  -55.6555  86.127
167.934  -55.6489  86.1369
167.932  -55.6528  86.1398
167.948  -55.6703  86.0971
167.938  -55.6516  86.1273
167.938  -55.6593  86.1238
167.938  -55.6569  86.1246
167.938  -55.6484  86.13
167.938  -55.653  86.128
167.94  -55.6464  86.1284
167.936  -55.6798  86.1145
167.932  -55.657  86.1371
167.965  -55.6958  86.0463
167.937  -55.655  86.1281
167.934  -55.6589  86.1306
167.931  -55.6576  86.137
167.944  -55.6675  86.1056
167.939  -55.652  86.1264
167.94  -55.6547  86.1228
167.935  -55.6503  86.1355
167.935  -55.6487  86.1363
167.936  -55.6562  86.1287
167.934  -55.6521  86.1345
167.938  -55.6604  86.123
167.942  -55.6536  86.1194
167.935  -55.6638  86.1265
167.93  -55.6567  86.1405
167.938  -55.6557  86.126
167.945  -55.6575  86.1111
167.942  -55.6647  86.1118
167.97  -55.6335  86.0777
167.942  -55.6549  86.1174
167.942  -55.6559  86.1177
167.944  -55.6592  86.1115
167.934  -55.6502  86.1364
167.675  -55.3776  84.4756
167.7  -55.3208  84.4237
167.714  -55.3299  84.3907
167.742  -55.2466  84.4114
167.781  -55.188  84.4314
167.786  -55.1959  84.4162
167.819  -55.1423  84.3831
167.818  -55.1297  84.3507
167.821  -55.1182  84.3506
167.794  -55.1108  84.3575
167.785  -55.1134  84.3741
167.795  -55.1133  84.3869
167.791  -55.1135  84.3953
167.805  -55.1161  84.3661
167.83  -55.1354  84.3149
167.788  -55.1377  84.3087
167.784  -55.12  84.3447
167.791  -55.1011  84.3421
167.774  -55.1116  84.3425
167.78  -55.1311  84.3187
167.761  -55.1327  84.3201
167.766  -55.1162  84.3449
167.768  -55.1127  84.3445
167.756  -55.1144  84.3469
167.76  -55.1141  84.3379
167.778  -55.1147  84.3354
167.771  -55.1117  84.3521
167.805  -55.0948  84.3378
167.795  -55.1022  84.3523
167.797  -55.0926  84.3536
167.786  -55.1248  84.333
167.78  -55.1011  84.3991
167.801  -55.1111  84.3864
167.804  -55.1022  84.3877
167.812  -55.1146  84.3856
167.806  -55.1197  84.3936
167.827  -55.1135  84.3934
167.839  -55.1029  84.4109
167.847  -55.1102  84.4193
167.845  -55.1143  84.4188
167.856  -55.1208  84.4226
167.864  -55.1276  84.401
167.842  -55.1257  84.4013
167.837  -55.1188  84.4147
167.849  -55.1223  84.3902
167.83  -55.1294  84.4236
167.814  -55.1257  84.4559
167.83  -55.1177  84.4294
167.827  -55.1441  84.4222
167.822  -55.1178  84.4746
167.864  -55.1492  84.3952
167.865  -55.1234  84.4316
167.882  -55.164  84.3717
167.85  -55.1262  84.35
167.845  -55.117  84.3668
167.831  -55.1327  84.3979
167.845  -55.1184  84.3982
167.823  -55.129  84.4421
167.826  -55.1345  84.4325
167.822  -55.1149  84.4529
167.83  -55.121  84.4337
167.851  -55.1526  84.3709
167.871  -55.1313  84.3454
167.802  -55.1221  84.3223
167.791  -55.0957  84.2954
167.796  -55.1037  84.312
167.785  -55.118  84.3539
167.773  -55.1114  84.4239
167.768  -55.1006  84.44
167.78  -55.1026  84.4455
167.814  -55.1239  84.4143
167.834  -55.1279  84.3717
167.86  -55.1149  84.3548
167.845  -55.1164  84.3836
167.849  -55.1216  84.3736
167.825  -55.1203  84.421
167.798  -55.1287  84.4699
167.807  -55.1147  84.4611
167.829  -55.1091  84.4102
167.807  -55.1165  84.3924
167.821  -55.1361  84.3804
167.879  -55.1081  84.3174
167.841  -55.145  84.3143
167.849  -55.1008  84.3485
167.837  -55.1354  84.4081
167.757  -55.148  84.5901
167.863  -55.1308  84.3903
167.858  -55.1088  84.4056
167.863  -55.1255  84.3846
167.864  -55.1329  84.3769
167.839  -55.1303  84.4283
167.829  -55.1011  84.4683
167.839  -55.1045  84.4456
167.827  -55.1294  84.4525
167.827  -55.1531  84.3601
167.802  -55.1387  84.3697
167.817  -55.1238  84.3494
167.812  -55.1172  84.3144
167.797  -55.1342  84.3333
167.805  -55.1265  84.344
167.796  -55.1187  84.3859
167.785  -55.1309  84.4006
167.815  -55.1149  84.4218
167.815  -55.1115  84.4553
167.849  -55.1324  84.3732
167.841  -55.1392  84.3862
167.834  -55.1265  84.408
167.828  -55.115  84.4269
167.825  -55.1324  84.4224
167.824  -55.1401  84.4178
167.864  -55.14  84.3961
167.859  -55.1241  84.4352
167.881  -55.1351  84.405
167.848  -55.1449  84.3753
167.848  -55.1442  84.3757
167.826  -55.1349  84.3814
167.824  -55.1178  84.4053
167.826  -55.1209  84.3986
167.819  -55.1285  84.4135
167.821  -55.1263  84.4114
167.826  -55.1268  84.4208
167.847  -55.1148  84.3885
167.811  -55.1271  84.3857
167.82  -55.1399  84.369
167.787  -55.1323  84.339
167.786  -55.1226  84.3472
167.791  -55.1219  84.3439
167.79  -55.1214  84.3461
167.789  -55.1078  84.3328
167.784  -55.1112  84.3404
167.798  -55.1187  84.3357
167.771  -55.1139  84.3442
167.759  -55.1176  84.3295
167.765  -55.0985  84.33
167.753  -55.0962  84.3187
167.759  -55.1153  84.3246
167.764  -55.1109  84.3161
167.782  -55.0961  84.3323
167.783  -55.093  84.3325
167.789  -55.1029  84.3141
167.767  -55.0942  84.3618
167.795  -55.112  84.3479
167.793  -55.1158  84.3581
167.793  -55.1159  84.3571
167.796  -55.1147  84.3449
167.784  -55.1145  84.3695
167.799  -55.1147  84.3666
167.805  -55.108  84.3611
167.778  -55.1084  84.3556
167.776  -55.1143  84.3553
167.787  -55.1197  84.3768
167.793  -55.119  84.3353
167.792  -55.1371  84.3261
167.765  -55.1092  84.3063
167.759  -55.1104  84.3179
167.758  -55.1086  84.3215
167.674  -55.1646  84.4518
167.605  -55.1165  84.62
167.562  -55.0478  84.75
167.233  -55.1549  85.2415
165.954  -54.3015  88.3032
167.52  -54.9026  84.9098
167.419  -54.883  85.1548
167.485  -54.9379  84.9908
167.421  -55.0741  85.0799
167.749  -54.9856  84.4879
167.974  -54.7281  84.2591
168.062  -54.7137  84.0931
167.883  -54.9178  84.2021
167.835  -55.0104  84.2375
167.6  -55.011  84.7036
167.631  -54.8577  84.7426
167.996  -54.1431  84.4772
168.065  -54.1198  84.3561
168.038  -54.0696  84.4415
167.751  -54.8657  84.4995
167.866  -55.0548  84.1472
167.199  -55.2512  85.3369
167.199  -55.2512  85.3369
166.992  -54.8418  86.0041
167.031  -54.3318  86.2517
167.128  -54.7138  85.821
167.125  -55.5872  85.2634
166.83  -56.4791  85.2556
161.539  -61.8682  91.4785
166.139  -56.1775  86.7912
166.366  -56.4425  86.182
166.485  -56.4757  85.9302
166.707  -56.2815  85.6272
166.645  -56.1265  85.8492
166.965  -55.5948  85.5714
167.21  -55.3028  85.2819
167.407  -55.2349  84.9402
167.508  -55.3027  84.6962
167.534  -55.7087  84.3782
167.608  -55.7931  84.175
167.645  -55.9161  84.02
167.687  -55.9396  83.9195
167.891  -55.8631  83.5611
168.106  -55.4644  83.3956
168.371  -55.1144  83.0922
168.475  -54.8952  83.0262
168.691  -54.7052  82.7134
168.642  -54.5789  82.8962
172.642  -52.1906  75.9057
169.128  -54.7509  82.8953
169.26  -54.7336  82.6384
169.103  -54.7736  82.9318
169.015  -54.6986  83.1597
168.837  -54.7375  83.4965
168.706  -54.7911  83.7246
168.717  -54.6535  83.7937
168.548  -54.8076  84.0326
168.487  -54.7825  84.1712
168.381  -54.7666  84.392
168.317  -54.9929  84.3743
168.244  -55.1584  84.4113
168.266  -55.2404  84.3133
168.289  -55.2229  84.2794
168.319  -55.1396  84.2733
168.326  -55.0513  84.3181
168.35  -55.0427  84.2756
168.127  -54.9952  84.7641
167.681  -52.6692  87.0924
168.176  -54.4824  85.0104
168.159  -54.7259  84.8705
168.14  -54.7661  84.8819
168.069  -54.7299  85.0535
168.054  -54.7513  85.1187
168.143  -54.9293  84.8284
168.216  -54.8055  84.9966
168.214  -54.7005  85.0587
168.242  -54.8505  84.9063
168.277  -54.9373  84.7092
168.305  -55.0016  84.6113
168.329  -55.1799  84.4481
168.348  -55.3301  84.312
168.408  -55.3991  84.0956
168.508  -55.3277  84.1381
168.778  -56.794  82.5374
168.32  -55.0453  84.5577
168.34  -55.0479  84.5168
168.385  -55.0449  84.4285
168.442  -55.0988  84.2795
168.235  -55.1264  84.299
168.348  -55.2589  84.1866
168.299  -55.341  84.2841
168.045  -55.4483  84.3466
164.682  -63.7025  85.1455
167.693  -56.2383  84.5233
167.684  -55.764  84.6141
167.592  -56.1592  84.816
167.66  -55.8991  84.8611
167.902  -55.4051  84.6889
167.891  -55.4601  84.6762
167.537  -56.3589  84.7643
167.909  -55.1596  84.6404
160.463  -71.0626  87.0362
167.527  -56.3763  84.5176
167.733  -55.7405  84.5859
167.742  -55.7523  84.5595
167.694  -55.998  84.4734
167.602  -56.5675  84.2634
167.943  -55.2322  84.4695
167.724  -56.1596  84.3324
167.86  -55.6057  84.4624
165.597  -63.7919  83.0253
167.766  -55.8919  84.3535
167.977  -55.3523  84.3221
167.936  -55.2518  84.4698
167.934  -55.1795  84.3886
167.861  -55.1802  84.3952
169.174  -52.2492  83.6356
168.152  -54.6097  84.1862
168.082  -54.6085  84.3277
168.145  -54.2996  84.4009
171.179  -36.7154  87.7182
168.357  -52.8172  84.9166
168.064  -54.7209  84.4449
171.222  -38.2023  87.1477
168.757  -53.5849  83.7891
168.237  -55.097  83.9269
171.355  -49.1126  81.3142
168.181  -54.9153  84.2004
168.275  -54.869  84.0847
168.213  -54.9945  84.1433
170.778  -51.973  80.8985
168.397  -54.3798  84.2396
168.537  -54.5995  84.3249
173.125  -38.9679  83.7011
169.082  -52.601  84.5031
168.874  -53.7081  84.3177
168.913  -53.4651  84.3947
168.928  -53.9635  84.3272
172.82  -43.4251  82.5079
169.859  -52.4966  83.3776
169.006  -54.1783  84.1223
169.296  -53.3921  83.7773
173.417  -38.9397  83.2319
168.593  -52.9539  85.287
168.153  -54.7047  85.0512
167.872  -54.6124  85.2531
162.763  -59.6184  91.5862
167.19  -56.8085  85.1397
167.471  -56.2697  84.9585
167.37  -56.5021  85.0028
167.193  -57.3449  85.038
157.783  -78.8876  85.7588
167.744  -57.8265  83.6142
168.207  -55.6529  84.1578
168.273  -56.3515  83.9057
168.615  -63.3541  78.0178
168.675  -56.1813  83.2097
168.557  -55.7017  83.77
168.519  -55.7395  83.8202
169.539  -62.4345  76.7449
168.581  -56.4546  83.2156
168.192  -55.5158  84.0304
166.797  -55.7476  86.5598
167.674  -54.5156  85.6442
168.093  -54.849  84.6104
168.104  -54.7535  84.6501
168.188  -55.0748  84.3157
168.127  -55.1559  84.3979
168.831  -51.5943  85.2396
168.348  -55.2229  84.0282
168.706  -54.7025  83.7015
171.466  -45.7534  83.4465
167.855  -54.537  85.4864
168.246  -54.8113  84.5366
168.253  -55.3488  84.2287
167.745  -52.8382  86.8229
167.946  -55.5441  84.7223
168.114  -55.318  84.486
168.094  -55.2686  84.5588
168.129  -55.2141  84.5343
168.055  -55.2383  84.5554
166.724  -56.131  86.5699
168.3  -55.2325  84.0933
168.229  -55.3092  84.2115
168.232  -55.365  84.1742
168.156  -56.1884  83.8023
168.213  -55.4913  84.1865
168.467  -55.5383  84.3003
168.15  -56.6974  84.2181
168.665  -55.1901  84.2203
168.575  -55.2833  84.3396
168.673  -54.9337  85.475
169.548  -55.0707  84.7194
168.845  -54.6398  86.6777
168.62  -54.1055  88.1653
168.262  -53.5514  89.168
168.535  -53.7552  88.5335
168.513  -53.8836  88.4974
168.49  -54.0185  88.4588
168.069  -53.8761  89.4063
168.071  -53.2463  89.7545
168.094  -53.4881  89.4785
168.039  -53.6743  89.4712
167.98  -53.7332  89.5137
167.902  -53.8035  89.5644
167.784  -53.9096  89.4682
167.827  -54.5402  88.7956
167.747  -53.8172  89.2385
167.747  -53.7551  89.2764
168.058  -53.9699  88.206
167.361  -55.6516  88.4867
167.802  -54.3619  88.453
167.673  -54.5435  88.5847
167.545  -54.7628  88.6924
163.597  -61.8086  86.0238
165.529  -58.4802  84.6567
167.212  -53.8915  84.3146
162.383  -61.9584  88.0699
165.9  -57.0284  84.784
166.71  -54.3179  84.9741
166.926  -53.4936  85.0729
167.118  -53.2336  85.0176
163.368  -62.1085  86.2832
167.231  -55.4613  83.3621
167.329  -54.8804  83.6035
167.332  -55.1135  83.4454
167.437  -54.4094  83.6961
167.651  -55.7023  82.7093
167.543  -71.2323  70.0426
167.598  -56.8122  82.061
167.778  -54.9343  82.9664
167.669  -53.7265  83.9706
167.669  -54.3809  83.5498
167.684  -54.3207  83.5583
167.732  -54.7104  83.2065
166.873  -60.9524  80.5528
167.221  -54.5776  84.3158
167.433  -53.5792  84.5342
167.453  -53.2775  84.6852
167.162  -53.078  84.7081
162.71  -48.3861  95.4992
167.527  -48.9035  86.48
167.649  -52.0398  84.3881
169.515  -28.665  91.5346
168.106  -48.5295  85.563
167.811  -51.535  84.3772
167.634  -52.9455  83.8539
167.628  -52.329  84.2504
167.811  -51.8615  84.5697
169.759  -42.302  85.9908
168.399  -50.6264  84.1479
167.741  -52.3447  83.8338
167.971  -48.6976  85.6042
166.479  -52.2343  86.4287
169.703  -49.7565  81.5112
170.746  -50.1923  79.2095
168.031  -54.3895  82.0054
169.18  -51.4171  81.5059
168.937  -48.4363  83.8997
167.655  -51.963  84.3963
167.756  -52.6938  83.6679
167.753  -53.2528  83.3192
167.146  -53.2788  84.4337
167.153  -53.7084  84.1479
166.906  -54.0014  84.6512
167.193  -51.573  85.6034
167.702  -53.2206  83.5683
167.262  -53.6944  84.1457
167.192  -53.8263  84.1668
167.22  -53.5303  84.2537
167.309  -51.616  85.2964
167.335  -52.481  84.7484
167.324  -53.1794  84.3649
167.183  -53.4994  84.4706
167.285  -53.4747  84.2576
167.302  -53.9196  83.9411
167.358  -52.3479  84.8188
167.328  -53.0742  84.5382
167.308  -53.4532  84.3377
167.328  -53.4663  84.2887
167.346  -53.3971  84.2868
